81.13161419693331
76.23913653599713
74.12046570219029
74.05208032911183
81.80678573221323
77.47066955478327
76.05087130179362
74.44597395329328
73.86436093218663
81.5259369631836
77.26850804625114
76.3488395870381
75.08739644379904
73.93215536748497
81.87661602001833
77.37167128689725
76.4029943719635
75.34367289123102
73.93215536748497
82.156145911716
78.1162279798965
75.99471949603937
80.1104171240862
73.94528010778701
81.54231848450787
78.1162279798965
76.40158757371562
79.84908433520947
73.69086002372325
81.82151122482789
78.61748663348418
76.40158757371562
80.1104171240862
74.26687785619744
82.10104111652556
80.96253277687691
76.21433322306713
79.89038646314098
74.0129056644789
82.10104111652556
80.99741913095954
76.26809049255834
79.89038646314098
74.39826804754715
82.16686047816764
81.28205391733313
76.55999700027772
79.71435024020286
74.33286329246887
82.44404336178627
80.99741913095954
76.26809049255834
79.84908433520947
74.07993504086724
82.44404336178627
81.33820572308738
76.61614880603199
80.46725153769721
74.89660562375235
82.19026248496606
80.99741913095954
76.55999700027772
80.41109973194295
74.5214382977712
82.69144237034223
80.78224880365256
76.85000763101922
80.67199109435589
74.20030414847456
82.41262296654773
81.03200118639501
76.85000763101922
80.74659493176858
74.58637220410685
82.75132534572485
74.7015552306721
81.1339606182866
76.66342073948518
81.07650940174288
74.46309958473965
83.05597304039954
74.56565602331817
81.1339606182866
76.47870163147779
81.33347099552567
74.65073338717278
80.00456429300702
74.4242690348316
81.62799892835073
76.24333535064956
80.78339375748146
74.71452923061182
80.00456429300702
74.7015552306721
81.59640820193086
76.47870163147779
81.00551534909354
74.65073338717278
79.6878612085658
74.14767283521466
81.50839277285407
76.29173992900078
80.72724410970918
74.65837958283953
79.35822543012667
74.36811938705931
81.56454242062634
76.34788957677307
76.60091149214564
74.90376404583722
83.33137997706254
74.7015552306721
81.10026809101505
76.45075442049708
76.90822163434075
74.59107223932973
83.60704420323279
74.77133952158934
80.90773744583282
76.50585921568754
80.91111228558664
74.45337284273761
79.4694798730894
80.69618275690551
76.22241394485926
81.20134674877832
74.70583818236322
83.93805809529164
74.47937383002204
80.85263265064239
75.98851216015886
76.65577795399415
74.96651693583675
83.60704420323279
80.88737051952768
76.21942391870128
81.942348384655
74.65422767145905
84.20425453053512
74.21994617016415
80.95595738428351
76.5519698517872
81.49997127897929
74.7789116509963
83.93073073882042
73.94528010778701
81.25663433811826
76.14939515025446
76.76631531621314
74.58922778124673
84.51297795282412
73.72746629584493
81.41320282593924
76.27111993153997
81.72006075286367
74.043026580226
84.45682614706988
73.47327232345495
81.47710262603746
75.8644997091922
77.11876176534041
74.17142522979455
85.04442753972978
73.35258628917032
81.53992347637846
76.09324334450021
77.11876176534041
74.2348127446912
85.606209362741
72.89328162979038
81.8670653307124
76.20008851984853
82.08902866848408
74.04858661301341
86.19246635919646
72.72580339212074
81.57093775261374
75.91710235976444
77.6660641570479
73.81742362933026
86.4226656113975
71.97153918728891
82.05323488689106
75.91710235976444
81.78302435813747
73.68741054874168
87.78548106066198
71.79361033856179
79.41437507789895
75.84750247798083
77.51758389736248
73.16805945690884
82.82978058439498
75.5164788411601
77.27193492954578
72.93130138500172
82.91125895263548
75.67913346518345
79.30469296319212
72.04605796773478
78.1828247203036
75.72782959068749
81.8140946155088
71.28994164422642
82.85510714688124
75.17518679357804
84.84489618785085
70.9829880402203
80.87196842863172
76.58415949324693
76.84261879836728
76.17396536831933
80.68058599839988
75.77390734466212
83.44860009981383
81.3693506189749
76.46505869669798
77.05520894531732
76.39762548399695
81.89563987909479
76.11477060292788
83.44860009981383
81.80635246576698
76.30123178618015
77.05520894531732
76.62167271218567
81.92373981775066
76.34788957677307
83.70564486792209
81.61558670481729
76.51132452738577
77.31174077121682
76.94109474265713
80.28876168944855
76.11477060292788
83.72881246178828
81.67064028454129
76.6762285585438
77.39800011731171
76.89378347360126
80.25409319800526
76.11477060292788
83.16610414842494
81.64321768842595
76.46505869669798
77.35502970956779
76.71833126528345
80.06025504694797
76.58143086292642
83.47290592567487
81.61558670481729
76.51132452738577
77.73703408633688
76.89378347360126
80.06025504694797
76.68249724336704
83.16610414842494
81.67064028454129
76.72175558870234
77.60898719152233
76.71833126528345
82.15334732287265
75.98851216015886
85.51023662249477
81.91322875943654
76.55725202928797
77.8202843056764
77.21034154324688
82.20707744361223
77.47420305153548
82.93517749217182
81.13747296060359
76.61235682447841
77.79213888152732
77.26544633843733
82.23542446491533
76.27452871389173
85.56534141768522
82.183903423656
76.61235682447841
78.00525571823448
77.08972596578725
82.00672034272235
76.09619259471359
86.09514197998956
81.91322875943654
76.6762285585438
78.2038302493421
77.25610135241232
82.18031966972488
75.81147574907726
85.76866635092473
81.08236816541314
76.72175558870234
77.73703408633688
77.1267137141479
82.43509718658954
75.81147574907726
85.78263922700745
80.65511691554396
76.9769761494051
78.37729883309137
77.47968922618723
82.71264484309576
76.19631379410475
85.79648714927875
80.82764147217921
76.75942027430028
78.48861255479277
77.50259430586736
83.30001975436345
76.02841608146582
85.65167430541263
82.23560476273302
76.65899664741286
78.68619059835125
77.44743238992022
83.47097324536486
75.7988267852825
85.5965123894655
80.89857277033249
76.76694916280948
78.16357426313353
77.47968922618723
83.21113029201504
75.79529507187029
85.79648714927875
81.08236816541314
76.81181287539916
78.16357426313353
77.21740463240158
83.21113029201504
75.5164788411601
83.0141934672301
81.32470585450147
76.6028448416586
78.37729883309137
77.52339178497886
83.68226837818976
75.39887453268325
85.56995080568204
81.05298655403931
76.6028448416586
78.41678819299544
77.26223430328179
83.92642505163283
75.675610110219
83.0141934672301
81.02338398394635
76.6028448416586
78.45598488913006
77.26223430328179
83.90695655781428
75.17518679357804
83.24243063015719
80.89356888315062
76.65794963684905
78.29889309723582
77.36183003321301
84.20549878817458
75.4539793278737
85.83774402219791
82.66412813553463
76.49634219597714
78.93739295769117
77.36287704377682
84.43065959963785
74.95255851564615
83.27336725151635
80.86863048633937
76.23260647376733
78.95573639275291
77.22419323183819
84.61547404142588
74.78498841469195
86.05273699668223
81.35287684728594
76.4401903902229
78.95573639275291
77.56676481190435
84.83898666494746
74.78498841469195
86.3205472073463
80.31615389695091
76.33407406096273
78.83717934364563
77.66409198671278
85.11772724682466
74.8400932098824
86.37565200253674
81.16663606268968
76.33407406096273
79.01084118794336
77.62186960709481
85.5784615867971
74.67476672146495
87.64735855931424
81.4090286530402
75.92238284525288
78.83822635420944
77.58038078322133
85.80260422945973
74.3983940111387
87.65413778462903
81.11153126749925
75.7703307174616
79.1672598778259
78.41678819299544
85.73420150885181
73.6215785828668
87.85366709725673
80.62152491359083
75.71547801732441
79.50454460525582
76.98762489266869
86.24802692164603
73.63711447584438
88.42024621452798
80.47332619536374
74.78920537056224
80.59699793616609
76.88773551378671
80.5907220079248
74.54000426190214
81.10011254695392
77.19871792470279
80.95779484754735
74.4848994667117
81.04500775176348
76.88773551378671
80.29307580581063
73.6764771091963
81.04500775176348
78.91862668746359
80.46773913007205
73.12864474102027
81.18496974797286
78.81793258890639
80.20176584670509
73.32966186089017
81.33715871252357
78.76172366239545
79.61217330079158
78.71649116502998
79.88290488716902
76.01860711292639
83.44664621291264
78.34283547624008
79.61217330079158
78.75202563052675
79.94610718550557
76.01860711292639
83.66262635650018
78.38522027359298
79.35822543012667
78.85943553956076
80.12035683899742
76.15992471789356
83.58668599093586
78.37111948038303
79.41437507789895
78.75202563052675
80.37584593335913
76.30425228169705
83.66262635650018
78.65452865228846
79.78761053855561
78.89862869213206
80.51686637461113
76.17480504858854
83.75414936040953
78.68316453885993
79.78761053855561
78.70110872227359
80.51686637461113
76.02350234720672
87.67612322512186
77.54155191468743
79.73140161204468
78.64489979576264
80.63049770805402
76.16317325552626
83.71773115169061
78.7096334474789
80.15647550605318
78.6816503408614
80.68940211878451
75.96834043125959
83.95374324768052
75.9036542837351
80.02069560669224
78.4839845316411
80.85859720528983
76.16317325552626
83.95269623711671
75.67808645461965
80.21564546101862
78.44762668458601
80.83024769645166
76.20744639569266
83.97139139355293
75.78293438587792
80.99743857336706
78.4839845316411
80.65952686860207
76.01219935934236
83.75686816395593
75.28456374797098
80.0462494173143
78.70110872227359
81.05854337946315
76.41556600339842
88.55559824008827
75.51018825438464
80.57745124573533
78.2506046379581
80.83024769645166
76.20744639569266
88.93180208111501
75.00702886070559
80.10735185710571
78.30681356446905
80.8864566229626
76.06840828585331
88.98801100762596
75.11832456912092
80.63465711127814
77.8956357534309
80.85859720528983
76.01219935934236
88.93180208111501
74.8400932098824
80.58133074673539
78.52343756845195
81.14261594198385
76.12461916055366
89.04422188232633
74.8402839288123
80.58133074673539
78.40003405382194
80.94266749766295
76.12461916055366
83.67505206749557
75.3969835491823
80.91342780228835
78.57630277993394
81.11407287590033
76.06840828585331
83.61884119279522
74.95176753969947
80.58245029733474
78.45334622997133
81.34032828411974
75.91869311134379
83.65867805836919
74.84221551352296
80.38986127945239
78.45334622997133
81.34032828411974
75.33759187286897
83.65867805836919
74.46160647916341
80.1676314556049
77.90941958940788
80.6047625266966
74.42525472933167
80.25367869951238
77.84911045602634
80.26784829670069
74.39038613721992
80.19746782481202
78.02162006328543
80.4376537487532
74.57264467254141
80.14230590886488
77.77550155524285
80.24649451044218
74.61413077428125
80.93909941444433
77.77445454467905
80.08138455109115
74.37641831058409
80.19746782481202
77.67807853360576
80.13759347760208
73.95583195576572
81.40617688977419
77.52670298221466
79.7508816077892
74.24444817115523
81.79080345856448
77.33771157008829
79.78218749798941
74.24444817115523
79.78901042676475
77.09381496092549
79.69571969184207
74.05131938853829
79.78796341620094
77.32031565722652
79.75707478936448
74.05027237797448
79.84912608615856
77.13217401396558
79.3737209992751
73.4903838351898
80.56104198614528
77.02288216987714
79.7418982620627
78.34514026292238
82.36895769214891
76.7401686561654
83.7342082563637
80.53270743326256
77.18616865582706
79.68568933555177
78.1386989608919
84.08780170603434
76.48938070607197
83.52219713664162
80.26104910176045
76.91156844817574
79.41437507789895
78.08359416570144
83.8228712358602
76.13370074457828
83.42604541001751
80.69294721381999
77.20596492415525
79.47591724490073
78.18832833552106
83.66481611570391
76.26306983190584
83.25206924447866
80.47760263807211
76.94992464722027
79.63058454036133
78.33751355729635
82.30212470732877
75.88208049400806
83.25206924447866
80.638591705283
77.05520894531732
79.78642036510225
78.08359416570144
82.25764397044753
75.94123977036527
83.42604541001751
80.66585879988835
76.9880392462966
79.8161188356902
77.96999140786629
82.25764397044753
75.83804070290161
83.23082073932882
80.47760263807211
77.13106386063663
79.8161188356902
78.15364087566144
82.27995898803036
75.31279084644672
83.23082073932882
80.47760263807211
77.0635525857874
79.66067460111002
78.18832833552106
82.27995898803036
75.26696539011238
83.23082073932882
80.58891635977349
77.17486630748878
79.9274325573916
78.29964205722246
84.30529550533518
75.1885256116066
83.08186989385547
80.80426093552138
77.42788021340819
79.9274325573916
77.89788223604289
82.36895769214891
74.99908031136754
83.1042539711825
80.80426093552138
77.21226945084076
79.55655936747146
78.26495459736283
84.70854747738073
75.23494042110292
83.32072532938683
80.83117240738767
77.64242466172178
79.7719883228114
78.29964205722246
82.15297503985184
75.04608149486549
82.93381911351112
80.58791049708192
77.30336639276757
79.9300469585537
78.24343313071151
81.95074467428522
74.80132221870099
83.09230976959758
80.40103647116689
77.480223963613
79.7456759209615
78.27789948117653
84.87369827838347
74.61308376371744
83.11419416422224
80.80426093552138
77.5004728423513
79.95693921118533
78.29964205722246
82.15297503985184
74.62112779980797
82.86475638896454
80.7209635950788
77.23017056674843
79.56149657049889
78.02509620305673
81.90340584216541
74.75373766640811
82.80854746245359
80.42913626852835
77.32309063783454
79.80188484747244
78.29964205722246
85.29036455578077
74.80994659291906
82.67182251942913
80.74805200901045
77.05248929984702
79.59177590830971
78.61026103837123
81.95074467428522
74.564918873297
82.39966539326257
80.58895750764573
77.05353631041083
79.6229089166928
78.6446438595965
81.7598664253825
74.42620749415448
80.58791049708192
77.05248929984702
79.8048957192319
78.24343313071151
85.63365908743062
74.37641831058409
80.7276625124758
76.98745934849369
79.88780055584226
78.57306012012309
81.65461733253598
74.0625893099354
80.35528384994555
77.20214576699856
79.704195709521
78.53915801240898
81.65461733253598
73.44704288791002
80.38361821149654
77.06274717431438
79.76417619461664
78.8220532486902
81.72869657793005
73.36469775990707
80.24286404873425
76.77415174779057
79.65175639340534
78.7096334474789
81.80678573221323
73.01305537804399
80.3555588999492
77.2197220756053
79.67807083263992
78.79854713794575
81.69685160468283
72.56582350931068
80.22702595976874
76.88657154900186
79.76417619461664
78.45859696022528
81.56333570280265
72.12468095942643
80.17081508506838
76.96900855308142
79.86110464574284
78.40238608552491
80.29934997343825
77.12673322121978
79.83422261387378
78.56106055283038
80.088051754205
76.81993475209195
79.56675711093854
77.92847578630385
80.0047390789712
76.9243845795083
80.0047390789712
78.16561711584377
79.96177032877671
76.50454203540633
79.83721448256945
77.99809251944203
79.63749389419944
76.35344451548016
79.69596139017267
77.74094429233942
79.49701107084783
76.16415264293931
79.37338670962222
77.62997643358877
77.78961860897846
83.10004376260432
77.46054627609561
89.68157368187002
77.61483031802432
83.08101647441735
77.49803955098592
88.88382504237823
77.73428940830611
83.56933790042824
77.40521707542327
88.72985422255965
77.90929124502024
83.20678820042544
77.40521707542327
88.31635197976642
79.89282586466565
77.97780370197148
83.6380097100317
76.93655162556597
80.12338761921517
77.6087970927493
84.11967863294079
77.34900620072291
80.14998660285067
77.74761221247053
83.94028505543615
77.49455648501939
80.29452239560774
77.43574133423601
82.68749777304131
77.89788223604289
80.29452239560774
77.74761221247053
82.84690039074917
76.54038748716582
80.20619747755103
77.83827437492374
82.88376534873571
77.98990941824513
76.91290081569382
80.14836491266301
77.66812802949916
82.02511258381132
76.11541689182863
76.83477735510627
80.20369411333537
77.55818855970065
82.05951172705569
76.13133787424219
77.10265177507509
80.17824942855701
77.888917954122
81.74171238253084
76.13133787424219
77.23805172968225
79.85343833743543
77.59182038608583
81.91101394026202
76.13133787424219
76.91786939634572
80.04166295438102
77.46109136356826
81.91101394026202
75.8690426615962
77.30230295227493
79.87977776268916
77.65850721423125
81.93231235447891
75.90894037079183
76.94190074967422
80.01577028227472
77.62525939396929
81.88958923738284
75.8690426615962
77.03598342179674
80.23451907017308
77.48347009704528
81.92430676692207
75.755229203505
77.02283248367269
80.0979325959971
77.31904535675201
82.6262847257675
75.79560227985026
76.9280928744112
80.06740965695145
77.46109136356826
82.74041858422069
75.65093603131216
77.20133792212167
80.14928125217341
80.76620227118943
81.75401532353519
75.53901178097378
76.99188082623833
80.06740965695145
77.20232480962073
83.25229564172545
75.48274213935771
76.95297780531476
80.22899522623953
77.03963132202979
81.71979415470395
75.18858973212694
77.08680877258894
80.12367929856754
76.89812666794704
81.75401532353519
75.20334295652981
77.31377682069515
80.31623502515679
77.02475446190302
81.81028659374054
75.13411817774438
77.44110784652098
80.397143001465
76.84193834502915
81.6288095648393
75.07784690753904
77.81240153347632
82.64100641893342
75.24969613862527
88.88808538591255
75.70094700884026
82.13198695242065
77.54294722870496
84.76460403097033
74.56230071687747
75.51449071598259
81.68965016423961
77.43163350700357
84.82866793518237
74.4509869951761
75.94431861356685
82.27817419986903
77.54294722870496
82.47319670194463
74.73523123308702
75.82221655318514
82.11201495027059
77.57702788086057
82.64781926171605
74.21724650544466
75.81248708421298
82.26338389419561
77.72244890995773
82.77870948140985
74.54597829228612
75.8875607329293
82.06651741949051
77.90215952079988
82.89125039323127
74.4413274926388
75.23999949987463
82.02067323071925
77.39991677009742
82.55585568433575
73.97957526301674
75.79595849389231
82.02067323071925
77.36596266845142
82.53650554001466
73.93381407241615
75.84116854967723
82.53859523664264
77.76758154837867
82.89759622267965
73.9294954971569
76.0557745405881
82.72862743813428
78.20439829924308
82.86549149679756
73.87526162016658
75.7373445130567
82.74091846887677
77.82291074905102
82.79794234776384
73.05749432141647
75.63467066406747
82.66899902495153
77.84588825059454
82.8542119893799
72.65767228791377
75.11916632188432
82.35215682122629
77.49959511288364
82.55585568433575
75.2417524636495
80.82550353926341
76.99081117781239
83.5490041659877
77.48673830219401
75.19939702000909
81.49312583908043
77.06048800327395
83.72167139807775
75.76991760053237
75.45088803620989
80.27112219932071
76.97064526397939
84.17088628917388
75.80437378824385
75.3107436848709
80.16437194208189
76.91449561620709
83.92642489373823
77.51061516413206
75.40901922605369
80.22052158985417
77.2043466583551
84.17088628917388
75.80437378824385
76.42377230510779
80.68787046249909
77.37113851174924
84.41852088334434
76.19604128744645
75.9398957376293
80.62954018201972
77.27593295030567
84.1943779805435
75.84313470662075
76.07713789920506
80.43864679572246
77.43945952594751
84.1943779805435
75.76403719015052
75.88282053801198
80.51816739137223
77.0356228183009
84.08300518989601
75.52436479271951
75.56168438585553
80.19499919454016
77.07426307814103
84.17088628917388
75.42808223423806
76.24631722811841
80.49485951050352
77.49567224072855
84.40886303128056
75.78035107465129
75.7821985793279
80.91411952817033
77.30988398894463
82.78073126799177
75.5956068306398
75.82329344031054
82.2388362180563
77.416754099331
84.46946803615948
75.53939595593944
75.92275673762411
82.36910357217755
77.00018080755302
84.75956107846068
75.5233177821557
75.96928861465874
82.27539376916323
77.07426307814103
82.59420519776319
75.00909433031
76.22689584509595
82.40606635244795
77.21972207560532
85.13904936243708
75.12040805201138
76.33931943457735
80.66114257774957
76.87801851022655
82.81794250894596
74.89579843397475
76.43059442830757
82.66704125871895
77.11260060876431
82.76172979416494
74.71437157256689
76.05680052150254
82.5172002737753
76.63862896049851
83.16916919451657
72.44567421296313
76.2514185892952
82.5359653742153
76.83704500410292
85.59625084438267
72.00428901696797
76.05923056598496
79.94114122976937
76.6346070361608
85.94596047523444
71.57364008839136
75.97341269005022
81.75168093702277
76.58352416530805
86.57902502472042
76.48126559215228
80.21629878934489
76.73031695095825
86.7044199260589
77.04683574138576
81.0731879366589
76.64496282048786
87.22326076375586
