66.7600890921652
67.17983088350053
68.45450245181163
66.25638120144747
64.38013600457114
65.4198375597459
66.9194380988063
67.15019927340319
68.30558236413977
66.60902914337653
63.85030808112615
65.3564484613781
66.71366989365087
67.50830251939482
68.51046351708256
66.5022112995532
64.3365324744355
65.35902575342409
66.71366989365087
67.42375834113568
68.51046351708256
66.99744288091522
64.0519952132804
65.35902575342409
66.33357078724129
67.23579194877145
68.59796702110766
66.70307962840998
63.95148930686886
65.48354740615021
68.23464854379338
67.42375834113568
68.68484781885414
66.7964718976435
63.85030808112615
67.49023257516377
68.41204191913103
67.33865679249547
68.68484781885414
66.59615272299706
63.74844534418626
65.48354740615021
68.27505717815566
67.33865679249547
68.80287492453321
66.88921234570415
64.62914972210186
65.3643487848349
68.37485618998487
67.61228209429109
68.71597366933344
66.88921234570415
63.74844534418626
65.49163603170713
66.53496109850904
67.33865679249547
68.80287492453321
67.18117253775422
64.52505140002864
65.49163603170713
68.567191834802
67.4523414541239
69.73975795146237
67.32571415708368
64.37434646353576
65.31113716912822
68.87236899038817
67.8013615907366
70.78575391616134
67.4013330661885
63.839486405309074
65.62625141869704
68.51681008742378
67.50830251939482
70.65810271513377
67.4013330661885
64.22874895825575
64.09394334449667
66.53496109850904
67.50830251939482
70.86468076282067
67.19906389001169
63.73671230580505
65.49581485013113
68.4811562155398
67.5276768230827
69.3840652813827
67.4013330661885
64.1353758977705
68.37485618998487
67.5276768230827
69.26359924984433
67.30962667531416
63.94156710080074
68.12748305629333
67.8013615907366
70.57853836534663
66.90460616035607
64.2362941642408
68.20234683709505
67.33865679249547
69.17914133433682
67.30962667531416
63.658336917770306
68.44496179236127
67.0640425246067
70.37189958836389
67.30962667531416
64.43030752880668
67.79665139365139
67.33865679249547
68.88915588740296
66.60902914337653
64.2362941642408
68.11435085860602
67.42375834113568
70.29112390136913
67.30962667531416
64.8203705065515
68.06547466111635
67.13390270315836
68.88915588740296
67.10678912507645
64.53006503140482
66.35384530143861
67.32082569386843
68.88915588740296
66.60902914337653
64.62914972210186
66.42019543059013
67.47971620087608
69.06436096694755
67.47729248736579
64.58602289114522
67.67438728715616
67.47971620087608
69.44002314112312
67.2732254704851
64.58602289114522
66.45582333182718
67.67573908107036
68.97482278853865
67.2172676107447
64.04296074460275
67.30327811251321
69.17914133433682
67.5131168862025
64.2362941642408
67.95935115688339
67.30327811251321
69.34745782853926
67.42133462762538
64.53006503140482
68.59042966127083
67.48923668106124
69.26359924984433
67.92204719849774
64.91914757583913
68.06547466111635
67.38714528489292
69.55117003776736
67.62605881927307
64.62499995898077
68.37485618998487
67.48923668106124
69.63383326681647
67.62605881927307
64.82286897797367
68.37485618998487
67.48923668106124
69.1443389421365
67.42133462762538
64.91914757583913
68.58654379659035
67.4704720036027
69.63383326681647
67.62605881927307
65.30924753617715
65.49793919774474
67.4704720036027
69.43072307197562
67.74017606519273
64.91914757583913
67.87380321073026
67.38714528489292
69.05988178114755
67.74017606519273
65.11469555210999
67.4704720036027
68.45234989342542
67.64825444050457
65.21230325924066
68.12748305629333
67.10207975391141
69.43072307197562
67.32889518095128
65.21230325924066
68.50219891841193
67.25816494746205
69.36742956153822
68.21005298077732
65.07237601335554
68.24313357497007
67.20220708772163
68.53856679704067
67.83143811265279
65.0172538441609
68.13970745967369
67.11786490077189
69.3114717017978
67.92204719849774
65.01641815361513
68.07955686127022
67.03297587725682
69.3114717017978
67.4013330661885
65.0172538441609
68.25830469683548
67.08893373699723
68.88088462715167
67.97800505823814
65.1706534118504
68.7936239033794
66.81111299419861
65.11469555210999
66.54679173627463
67.90739791782327
65.02198401569107
67.46240558390194
66.03053586705921
66.76962775339128
67.58363468282312
65.07794187543148
67.32979480923716
66.19368360051824
66.48973102735894
67.58363468282312
65.35577644944338
67.32979480923716
66.19368360051824
66.53496109850904
67.5276768230827
65.02198401569107
67.16010404099723
66.34446973698867
66.68057144163642
67.66823995403149
64.70860069041964
67.63347008776725
66.29195787741715
66.55487075944373
67.6378407021408
64.7590503484031
67.38400082855485
66.04920225201323
66.57928214718888
67.85731945047701
64.7048443290854
67.42442256397295
66.60788040817229
66.64512497756712
67.99507522836828
64.7590503484031
67.68767610708493
66.1489047839408
65.71984305192541
66.54393704667663
67.44882067155355
65.03883482666055
67.27026792005532
65.84202528624452
66.68057144163642
67.85731945047701
64.61440118476973
67.21606190073763
66.30202084253285
66.39958230182029
67.47971620087608
64.7048443290854
67.40446267199333
66.40042759672909
66.48973102735894
67.47971620087608
64.7048443290854
67.31060330553231
66.41152318698119
66.50066474012606
67.56426037913522
64.89070883409703
67.51836344364234
66.73287832869279
66.21746976625383
67.47971620087608
65.26351520981582
67.61162440032597
67.86737457562104
66.21746976625383
67.66823995403149
65.0771856652145
67.61162440032597
67.77321561435022
66.45582333182718
67.61228209429109
65.20831602355048
67.23579194877145
67.81141671588063
66.59091895824945
67.39461465223589
65.26427388329088
67.40446267199333
66.64756546300141
63.663217653075435
66.69310641111142
67.56426037913522
65.45197249086195
67.49764685576645
66.74720346703413
63.905289746439486
66.59091895824945
67.58363468282312
65.0771856652145
67.1979761123506
68.5371140752802
63.557114478969226
66.64512497756712
67.6378407021408
65.22485943116808
67.25218213166828
68.89935895199774
63.28143691416
66.74731243042909
67.55267452020924
65.31925107478926
67.25218213166828
66.24788961983592
65.44998903686185
66.69310641111142
67.39461465223589
65.07641701736286
67.1979761123506
65.68220927843745
66.9262140364942
67.6378407021408
65.03576513582432
67.55185287508414
65.22485943116808
66.88615395866667
67.77321561435022
65.1706534118504
67.29174980851185
65.4770450341211
66.8370633582358
67.6378407021408
65.13062303668053
67.04637278276918
65.02059726796624
62.96859422452574
66.82383377270897
67.6378407021408
65.31925107478926
67.14072923086246
64.920097520747
63.29427199000109
66.85051362866719
67.3631566017088
64.94261649489722
67.23441324418923
64.61427033145203
63.329734609475
66.69310641111142
67.20615713314359
64.69714535311547
66.9762271633676
65.06888481636305
62.95589828453118
66.39958230182029
67.47971620087608
65.7369853415898
67.2732254704851
66.3895286469817
63.10683368339343
66.68057144163642
67.37678355360885
66.68057144163642
67.06981762142891
69.46745093427964
62.681100489851254
66.7347774609541
67.51546947380662
66.9262140364942
67.41979055437224
69.98850112189426
66.54393704667663
67.22802877982998
66.64512497756712
67.1240236407466
70.71916537569706
62.55709315072175
66.57928214718888
66.98895637630224
66.87200801717653
67.2732254704851
70.79841931465373
66.20036863732985
67.00349291779247
66.57928214718888
66.9762271633676
65.79340909905672
62.216729581236144
66.3895286469817
66.98895637630224
66.48973102735894
67.36558453505458
65.79340909905672
66.57928214718888
66.98895637630224
65.54759389144753
66.77291475812137
65.69150978635236
66.25457465664752
67.4134419915713
66.17181087794155
67.41979055437224
66.20884879193005
67.27482343396346
65.64416147058533
66.86707085393901
66.25457465664752
67.22802877982998
65.698367489903
66.9212768732567
66.29948820851104
66.98895637630224
65.64416147058533
66.96056402009647
65.11469555210999
65.4210871743807
65.37938028270968
65.27351825557443
65.43550473032347
65.43170250194541
65.7991011097188
65.37564638157528
65.38129871100578
65.27835211867888
65.43550473032347
65.4477990823656
65.21944091898922
65.32534085126538
67.05769893711015
62.81020291031729
67.53149850668348
65.32330569084033
66.27604018071183
66.41834885515013
66.51218837269312
62.90332884133536
67.71441235316723
65.02762861119596
66.0642979648804
66.1877230568043
66.88514180015088
62.90332884133536
67.91797198026781
65.32330569084033
66.05668163053782
65.95315638424451
66.79801528716067
62.90332884133536
68.00788018502469
65.32330569084033
65.94877480053316
65.95315638424451
66.79801528716067
62.82822854822108
67.80489970891864
65.421077087062
66.05668163053782
69.93837359355271
67.07246969716267
62.73530650916892
68.00788018502469
65.32330569084033
66.05668163053782
66.19794258394342
67.26036315246127
62.90332884133536
67.89474919317571
65.32330569084033
66.15725815602231
68.70059354032892
67.15854835621973
62.90332884133536
67.60255709150545
65.12658203267321
66.15725815602231
69.68046226449441
66.69838089857222
62.90332884133536
67.78276398136026
65.421077087062
66.15725815602231
66.21904648667487
66.97170130822778
62.66108921970307
67.98396708978837
65.421077087062
66.16576392116589
65.8476151183744
67.14313975631491
62.73530650916892
67.6719080734917
65.32330569084033
66.16576392116589
70.30446729118265
66.97170130822778
62.66108921970307
67.89474919317571
65.421077087062
66.05668163053782
65.48007279677668
66.97170130822778
62.82822854822108
67.49183910141268
65.12658203267321
66.05668163053782
67.24406658221645
62.66108921970307
67.80489970891864
65.02762861119596
66.05668163053782
67.14313975631491
62.92060916035894
67.60255709150545
65.12658203267321
65.84761511837439
67.14313975631491
62.66108921970307
67.49183910141268
65.12658203267321
65.84761511837439
66.78541613006352
62.82822854822108
67.49183910141268
64.83108020508125
65.53681159102935
66.88514180015088
62.995909297240345
67.19979344205005
65.12658203267321
65.32865601963555
66.97170130822778
62.81020291031729
67.29133641681231
65.02762861119596
65.32865601963555
67.24406658221645
62.56782987811827
67.29133641681231
64.83108020508125
65.01689018293747
66.69838089857222
62.73530650916892
67.40085435415904
64.92799276384339
65.43170250194541
66.88514180015088
62.37966919124696
66.90663577670159
65.02591655180746
65.01689018293747
67.05769893711015
62.40089914192573
67.40085435415904
65.32415877631162
64.60322979599403
66.78541613006352
62.47402463528686
67.10760675997331
64.52859083109614
65.32865601963555
67.18986056289877
62.346693122608045
66.7590374881504
65.17065341185041
65.06704452024006
66.78541613006352
62.47402463528686
66.99937622476223
64.63011491594958
65.22485943116808
66.78541613006352
62.40089914192573
66.90663577670159
64.63011491594958
65.22485943116808
66.97170130822778
62.47402463528686
66.70631660205515
65.02762861119596
63.56757770527416
66.73121011074585
61.966820034273084
66.65211058273748
65.26909967152264
65.1706534118504
67.05769893711015
62.47402463528686
66.99937622476223
65.32330569084033
63.161039702711115
66.97170130822778
62.64183876253302
66.99937622476223
64.3464580432989
65.12217893264707
66.88514180015088
62.47402463528686
66.79960449692125
64.33891283731384
62.757626640300494
66.87188809242683
62.37966919124696
66.60047997883582
64.05173097985883
66.97170130822778
62.47402463528686
66.79960449692125
64.44003482817621
66.65611056733815
62.39904281014411
66.83803915043643
64.28470681799617
66.78541613006352
62.21207192698474
67.18292686040212
64.2455397768286
66.68663544745927
62.81020291031729
66.98424485343006
64.14393524450739
66.88514180015088
62.73530650916892
66.60047997883582
64.14393524450739
66.78541613006352
62.47402463528686
66.98424485343006
66.87188809242683
62.64183876253302
66.8922451697541
66.59969421173749
62.306760702807146
66.8922451697541
63.63676653763999
65.89871428184901
65.66723097545011
65.38270570876136
64.87296377418004
63.88782007860746
65.8120772406612
65.47367038427882
65.48393170221217
64.55944439787379
63.99477098341073
65.75618064108349
65.32164275045525
65.42803510263445
65.12217893264707
64.14199906537078
65.8939901925702
65.47367038427882
65.48393170221217
65.17807553222477
63.96886824824168
66.07038752827005
65.76222183658415
65.5871476530165
65.28075603074578
63.975616752470835
65.92891959232588
65.61133437587242
65.5312510534388
64.9173716165903
63.91297164866398
66.19141431949168
65.41777378470113
65.42803510263445
65.01876039378395
64.04116444459127
66.16216002732793
65.56915516979869
65.68782399153552
65.38455261921325
64.38558232053471
66.25477899783273
65.47367038427882
65.5871476530165
65.28075603074578
63.78827579560965
66.54683509070507
65.51569845351864
65.32680910918367
65.32960479804731
63.965814223992815
66.37771486727225
65.90576193618712
65.5312510534388
65.22485943116808
63.88223540463032
66.46253866283892
65.90576193618712
65.5312510534388
68.56072971869345
64.14393524450739
66.80867100203002
66.00038945343013
65.32680910918367
65.43358630202735
63.965814223992815
66.90434708865388
66.28935445921262
65.63557482993316
65.32865601963555
63.965814223992815
66.64146787796699
65.71040526117622
65.5312510534388
69.38450172488072
64.05937837036801
66.72533026682247
65.80554001706079
65.94230038764981
69.17004566020564
64.1152749699457
67.04314705440629
65.37753935003298
65.68782399153552
69.22594225978335
63.693733047523196
67.26394073996805
65.32164275045525
65.73641529775513
69.25893137778063
64.02171082357052
66.78122686640019
65.37753935003298
65.48393170221217
65.4875991015231
64.1998318440851
67.22224242166016
65.47530801481294
65.28075603074578
65.28075603074578
64.07470725152584
64.46489026733167
67.12553449821984
65.57159505309635
65.48393170221217
65.17714713913544
65.52508623205988
64.46489026733167
66.86456760160773
66.25177796182496
65.48393170221217
65.38455261921325
64.04085449303106
67.08388433582292
65.03096582441466
65.32680910918367
65.43170250194541
64.13537213300143
67.16634582208245
64.83773167701713
65.73641529775513
65.43170250194541
63.79573934192665
64.22929838085992
67.16634582208245
65.32164275045525
65.73641529775513
65.6392882217756
64.55781926230827
67.22224242166016
65.28075603074578
65.5871476530165
65.59270819060707
63.88073055230181
64.6817877374443
66.54683509070507
65.22485943116808
65.42985240089295
65.74102366093292
63.94666669896881
64.32263826963792
66.90434708865388
65.22485943116808
65.42985240089295
65.84761511837439
63.611320498286894
64.22929838085992
66.82092328914379
65.80554001706079
65.12217893264707
65.53681159102935
64.20788140044891
64.56347545119023
67.12553449821984
65.76630186075391
64.97599412032471
65.38455261921325
64.168356414448
64.38558232053471
66.68650529179212
65.08686242399236
65.38270570876136
65.38455261921325
64.39765402925904
64.38558232053471
67.12553449821984
65.57159505309635
65.69147142951086
65.59270819060707
64.51830967665363
64.2082614128801
66.60273169028277
65.0884890359472
65.38270570876136
65.4875991015231
64.73509843733007
64.38558232053471
67.13978093540061
66.34525105879032
64.97326821616801
65.38455261921325
64.8458818047197
64.62493690977865
67.18142758328837
66.50380403685409
65.13238695261249
65.54349218659166
64.30067500105235
66.78122686640019
66.15027108637429
65.38270570876136
65.4875991015231
64.35656808612092
66.83711995146874
65.14275550906092
65.33664911581434
65.4404457042818
64.7035723443832
64.30067500105235
67.22224242166016
65.1841359207936
64.97326821616801
65.59270819060707
65.38455261921325
64.50757885161252
67.08388433582292
65.90003096644797
64.81706717460233
65.43170250194541
64.21656053835808
67.12553449821984
65.1841359207936
64.86930328675406
65.38455261921325
64.71582131364953
67.08559516036857
65.53286677170827
64.61533748294234
65.4404457042818
64.659928228581
67.11150467877127
66.26007568508527
64.35505199808144
65.4875991015231
64.30067500105235
67.02970207530002
65.18247863225092
64.55944439787379
65.59270819060707
64.1243212690273
66.85250194556404
65.18247863225092
64.35505199808144
65.6951848213533
64.24477840147466
66.71386396149423
65.421077087062
64.09551901510441
64.39252053550601
66.86456760160773
65.47697368663971
64.15141561468212
64.39252053550601
66.67581129172721
65.18247863225092
64.25772584207796
64.42170017935783
66.70257153509446
65.32330569084033
64.30738978542335
64.39935203416364
66.49963126587708
65.47697368663971
64.16144271782761
67.23730440330928
65.09915353424438
66.2771039272507
65.38092337539709
69.31482797735833
65.38947654449572
67.50041158394367
65.37141383406512
66.47840274535419
65.28075603074578
69.10169510119752
65.60753449994709
67.50041158394367
65.37141383406512
66.47840274535419
65.18076349785902
68.5865862622955
65.71895612547304
67.31983733954576
66.00712953211375
66.2771039272507
65.28075603074578
65.4875991015231
65.72318568878525
67.50041158394367
65.82902426704999
66.47840274535419
65.28075603074578
65.6951848213533
65.61386727466716
67.41833093702282
66.01293060830959
66.2771039272507
65.28075603074578
65.4875991015231
65.95216021359576
67.73739538820752
66.15771076729456
66.43835523102072
65.33664911581434
65.54349218659166
66.45995182988976
67.59987852662317
66.01293060830959
66.38246214595216
65.17988328371145
65.4875991015231
65.95878094149708
67.59987852662317
66.38246214595216
67.58739510626117
65.08007110883437
65.58990292012248
65.97242198153768
67.83783884887407
66.24602956501347
66.53429583042274
65.23665658292757
65.43951395953837
66.3825005211717
67.70026524740213
66.19741028713108
66.58498804371861
65.28075603074578
65.38362087446981
66.10088499710761
67.70026524740213
66.01882508420383
66.68037445028611
65.17988328371145
65.48574900047066
67.05222577077987
67.75615833247068
66.62397805733937
67.14222286733154
65.33664911581434
65.95381497089078
67.8313605666114
67.53533099668083
65.92347018775811
67.08632978226298
65.28075603074578
65.99819698722752
70.2402799651853
67.71932360555711
66.2048013835185
66.88301737701677
66.69269006934938
66.10509885159094
70.14275947808312
67.67395497493816
66.07471816927239
67.23581332539285
67.4577455124758
66.15364585303885
68.07427891232189
67.55320576352872
66.2048013835185
66.88301737701677
65.38180668349096
66.2048013835185
67.91044691469986
67.18387129190707
66.01882508420383
67.8833182332456
67.90623654382851
66.30378621941362
70.34437288377586
67.6365324822385
66.01882508420383
67.99749859128859
65.48214634201354
65.99819698722752
68.4336930385211
67.36826756635743
66.11510160629258
66.89713920297102
67.40185242740723
66.2048013835185
67.74357270666263
67.71932360555711
66.2048013835185
67.40185242740723
67.40185242740723
66.10509885159094
68.1063663697956
67.6365324822385
66.39135900605349
66.80152569188955
65.28075603074578
66.31300072231151
72.52945438831964
67.55320576352872
66.39135900605349
66.59650549549201
65.17988328371145
66.10509885159094
72.96671395178984
67.71932360555711
66.57849670748479
67.10226938234689
65.07829828852759
66.2131547556
71.7183185148158
67.4520678216606
66.39135900605349
66.80152569188955
65.17988328371145
66.10509885159094
66.93184016903011
67.6365324822385
66.29391982806729
66.09053644765667
65.38180668349096
66.10509885159094
67.82153272932315
66.56808497227084
66.18853572618028
65.17988328371145
65.69147142951086
68.14479270917379
66.53590250941375
66.43835523102072
65.33664911581434
65.54164208553921
67.83110615514698
66.58221603668999
66.39762458558985
65.49358923308084
65.49540342405969
67.87742581439171
66.72256696662653
66.44806802623418
63.92222590441219
65.33664911581434
67.69242556730704
66.53590250941375
66.44806802623418
65.13419137359615
65.54164208553921
67.87742581439171
66.72256696662653
66.65239858056057
65.23577636878
65.33664911581434
67.69242556730704
66.72256696662653
66.85741877695811
65.43769976855951
67.07855992000366
67.6365324822385
66.48000942434518
67.10226938234689
65.38180668349096
67.53452518286834
67.40776374599197
66.62397805733937
66.85741877695811
65.33664911581434
67.70544770510108
67.36826756635743
67.23010300324249
66.89713920297102
65.28075603074578
67.74357270666263
67.14064423201494
67.4577455124758
66.65239858056057
65.33664911581434
67.79946579173118
67.26814023254721
67.04172206983853
66.69269006934938
65.28075603074578
67.74357270666263
66.63394798452548
67.33282140115448
66.58498804371861
65.38270570876136
65.07649386754393
66.9019019443992
66.67793705804216
66.88301737701677
65.28075603074578
65.48393170221217
66.77548703741805
66.17779914636019
66.64088112878717
65.53982478728071
64.11125781344023
66.95779502946776
66.36636434129377
66.9389104620853
65.43859879382993
64.21733580289617
67.09833506328008
66.50314155564338
66.8868721716022
65.29076998484832
64.16714727796156
66.86059051043839
66.54563383153531
66.73626753535467
67.98545487527296
63.802307616113566
66.70839270530603
66.85391188673837
66.58498804371861
65.48393170221217
63.43644868626209
64.34108806550617
68.42818012584176
64.17344287057321
65.33664911581434
63.98017194776612
64.02861104873276
68.59324528135403
64.03782332930504
65.28798435421217
65.28798435421217
64.05753006186013
68.7307755325325
64.17344287057321
65.33664911581434
65.33664911581434
64.02861104873276
68.50952717945584
64.51413719246649
65.28798435421217
65.18072520325842
63.79339603756682
68.36935173199132
64.36562718473517
65.02356054079368
64.07760390863908
64.02861104873276
68.61972927130326
64.60771397734378
66.33344307033347
65.49825023070434
63.79339603756682
68.75889922559809
64.36562718473517
66.06056448517941
65.33664911581434
64.12353581686283
68.73100912410003
64.71394009806774
65.39253858033567
66.96908863551941
63.753361085785905
68.64665472202947
64.80289442825433
65.39253858033567
65.39253858033567
63.9330892253434
68.73100912410003
64.51413719246649
65.49633516880313
68.1389392576799
64.303051282169
68.92718598040103
64.70815055703234
65.49633516880313
66.44371932987941
66.66556860039239
64.02861104873276
69.1239355794961
64.60771397734378
65.28892968872532
65.49728394721488
67.1433927668785
64.49031741880552
69.20661341462602
65.0021134171464
65.59938165111299
65.39253858033567
67.26021741976984
65.02991190637316
69.04068713896693
64.99875935424882
65.59938165111299
65.28702161028215
67.00782662881032
65.02991190637316
69.23856867038305
65.09567191301097
65.28892968872532
64.34135783079192
67.85535525625251
64.57667281692154
69.43702415451678
64.99534716478122
65.28892968872532
64.55001431959526
67.35479559912866
64.57667281692154
69.15530760383663
64.89862168171692
65.49633516880313
64.44991428252408
67.20127790282773
64.70106432164403
69.38113468999543
65.04232407025584
65.43951395953837
64.29502243980437
67.61289811451105
64.66960181189816
69.35433228123077
65.19530776036356
65.39253858033567
64.97356411407294
67.5356633417376
64.48315813113652
69.43702415451678
65.29341103302399
65.70168546971236
65.49728394721488
67.8616688407463
64.3969775300275
69.51914434545805
65.19530776036356
65.9087028101005
65.49728394721488
67.94248759329585
64.84946688661188
69.51914434545805
65.09567191301097
65.9087028101005
65.60318387949104
67.59960007305085
64.75695378616537
69.32125577288713
65.39253858033567
65.59938165111299
65.60318387949104
67.70626107815988
64.75695378616537
69.32125577288713
65.49098484000791
65.59938165111299
65.60318387949104
67.89195817685639
65.44646156646918
69.53885329964804
65.74230633575031
65.85717696523426
65.44646156646918
67.84190029881982
65.23117543869913
69.39847666097415
65.69850674707686
65.81143598055964
65.50228909118294
67.87413128097216
65.44646156646918
69.26053640075955
65.74230633575031
65.85717696523426
65.86852228956631
67.4638740742959
64.84514332945791
69.1239355794961
65.29341103302399
66.0097044354121
65.70734738772477
67.9447308797562
64.75695378616537
69.01041743288674
65.2942611818408
66.0097044354121
65.49825023070434
68.34219342704377
64.93781971864252
68.92718598040103
65.19530776036356
65.80325397910075
65.71025683674036
67.97071960153558
64.93781971864252
69.01041743288674
65.39253858033567
65.49448825835127
65.39253858033567
67.97071960153558
64.84946688661188
69.01041743288674
65.39253858033567
65.28985808181466
65.60318387949104
67.55361806856203
65.02991190637316
69.09308163551401
65.88645547895443
65.28985808181466
65.39253858033567
67.21594569427332
64.84946688661188
68.73100912410003
65.39253858033567
65.39253858033567
65.28798435421217
66.99854156961791
64.84946688661188
68.81478869011943
65.58875623622959
65.39253858033567
65.28798435421217
66.7949799619611
64.94140003354839
68.61972927130326
65.78564239157159
64.98474632376991
65.49633516880313
66.56603102930393
64.3969775300275
68.61972927130326
65.58875623622959
65.1882764171338
65.49633516880313
64.66960181189816
68.78666499705383
65.8822341734649
65.29076998484832
65.59938165111299
64.49031741880552
68.50952717945584
65.39253858033567
65.19008083811747
65.49633516880313
64.54424040493903
68.09190982346972
65.34818416797432
65.64785187773694
64.54424040493903
67.89914725857983
65.44646156646918
65.34558881943484
64.57667281692154
68.31614213447423
65.49098484000791
65.49358923308084
64.38226607408149
67.96436069130029
64.55822607122941
68.23916393218248
65.28075603074578
65.28075603074579
65.68424076580453
64.58448743067385
66.6446835623487
65.39051792619127
65.51739230022338
65.24393757939542
65.7401338508731
64.74190460059583
66.80009157906896
65.55744100753793
65.55315863525847
65.37437650218627
65.58444106416154
64.6860115155273
67.05437554488635
65.28075603074578
65.37437650218627
65.38180668349096
64.9838893634211
66.84298094758819
65.64569236647642
65.28075603074578
65.58444106416154
64.88009277495362
69.78376670864225
65.50588563643954
65.57281014548185
65.39063022044489
65.89765928135968
64.68826530556231
66.96718027562864
65.73032453775754
65.46293595578274
65.09320914079537
65.78778509166055
64.67554143350098
67.07066663899185
65.512721482044
65.64569236647642
65.37361782871122
65.89243150545958
64.77817436402476
67.90716166903653
65.28075603074578
65.64569236647642
64.72450380366512
66.196596345695
65.38092337539709
66.95620604451342
65.515093290608
65.64569236647642
65.28075603074578
66.30378621941362
65.38092337539709
68.95525555157545
65.73911248874622
65.28075603074578
66.30378621941362
64.88009277495362
66.95620604451342
65.51998545269937
65.73911248874622
65.28075603074578
66.40206049631253
65.08007110883437
67.05437554488635
65.51998545269937
65.37287135252713
65.37361782871122
66.196596345695
65.18076349785902
67.26649309212756
63.709746617601944
65.46439572086555
65.46738657431135
66.49963126587708
65.28075603074578
67.05437554488635
65.52250894001389
65.46439572086555
65.18728828410988
66.196596345695
64.88009277495362
67.26649309212756
65.52508623205988
65.70451423442405
65.52327965937991
66.66412122528708
65.43681646046565
67.43830344348562
65.33664911581434
65.55754508292354
65.28075603074578
66.30378621941362
65.08181315138516
67.16894403748672
65.77753469611623
65.13139168453218
66.35622686185054
65.02591655180746
67.85126506945883
65.48007279677668
65.77753469611623
65.31847990260857
66.04920225201323
65.12573188385642
66.80140948635182
65.68691215259884
65.13062303668053
65.94230038764981
65.02591655180746
67.22886652315911
65.77753469611623
65.22485943116808
65.94230038764981
65.02591655180746
67.01477003941415
65.65159732157386
65.28075603074579
65.89792188582223
65.28075603074578
66.55614710818415
66.11510160629258
65.18651963625824
65.99819698722752
65.38005537588933
67.08725968211704
65.74656511351078
65.46891883381178
66.2048013835185
65.38005537588933
66.97165329369614
66.11510160629258
65.46891883381178
65.99819698722752
65.18162848343411
66.97165329369614
65.55979171192733
65.09320914079537
65.99819698722752
65.28075603074578
68.02715670809002
65.37361782871122
65.46738657431135
66.40206049631253
65.28075603074578
67.07066663899185
65.92866129912731
65.09320914079537
66.49963126587708
65.18162848343411
67.16894403748672
65.65159732157386
65.18651963625824
66.49963126587708
65.28075603074578
67.38241035841709
65.46738657431135
65.46891883381178
66.39217494116564
65.28075603074578
67.07066663899185
65.78656476373463
65.13062303668053
66.34616389673481
65.42277152662835
67.22886652315911
65.69066851393308
65.13062303668053
67.27026792005532
65.22485943116808
66.70177148231909
65.31772122913351
65.13062303668053
67.17503753614095
65.22485943116808
66.48853198282634
65.41148997473366
65.22485943116808
66.44373466629938
65.32330569084033
66.38752928947527
65.31772122913351
65.22485943116808
66.24788961983592
65.32330569084033
66.17442628760391
65.13139168453218
65.13062303668053
66.0418561683926
65.22485943116808
66.07205505124533
65.37437650218627
65.37514767436699
67.92956179020442
65.28075603074578
65.91500074517191
65.18728828410988
65.28075603074579
66.41212346142825
64.4959314277539
65.59847428715047
65.28075603074579
65.18651963625824
66.40206049631253
64.30143637640629
65.28075603074578
65.24393757939542
65.33664911581434
66.45795358138106
64.45824772794515
65.44236076618301
65.18804449432686
65.18651963625824
66.40206049631253
65.47697368663971
65.28075603074578
65.09473142623825
65.37514767436699
66.60822814021851
65.18247863225092
65.28075603074578
65.09770304490232
65.18651963625824
67.21362781046165
64.1998318440851
65.49140132990117
65.2446816514382
65.14910222586391
66.65239858056057
64.36562718473517
65.23209488969083
64.66860720408741
65.41302223423408
66.54060889591432
64.15312462366084
65.01498571960053
64.48440592856493
65.13062303668053
66.54060889591432
63.85860922324435
65.32960479804731
64.3491994326683
65.28075603074578
66.78819178952075
63.53032623537906
65.385501397625
65.46738657431135
64.78683913212703
65.13139168453218
63.84687618486313
63.78561022877784
63.70871071488079
64.36834181876718
65.80554001706079
63.591026834609046
65.32415877631162
65.12217893264707
64.17977870527605
66.10176717259873
63.780733900232235
65.32415877631162
65.22485943116808
64.3259147768736
66.35431619463189
63.926040779715166
65.38005537588933
64.35505199808144
64.33380458397231
66.15766377217643
63.926040779715166
65.18162848343411
65.17714713913544
64.7106675857469
66.15766377217643
64.02700814044827
65.47697368663971
65.4875991015231
64.36834181876718
66.19588136224725
63.679311186098815
65.32330569084033
65.12125053955774
64.61895302769045
66.35431619463189
64.20902122323855
65.37920229041804
65.38362087446981
64.75135137243316
66.00038945343013
64.05173097985883
65.32330569084033
65.12125053955774
64.94028008501746
65.90576193618712
64.2538375000889
64.73094253254932
65.01876039378395
65.12984164180145
66.00038945343013
64.44669635349358
65.22485943116808
65.12125053955774
64.84416217974132
65.90576193618712
64.54626094890014
65.22485943116808
65.22485943116808
65.60492536240477
65.71040526117622
64.64022891046291
65.22485943116808
65.12125053955774
65.03419198353585
66.00700578522475
64.54626094890014
64.63521527908674
65.3277242748921
65.12984164180145
66.00700578522475
64.44669635349358
65.42277152662835
65.3277242748921
65.12984164180145
65.91159102499184
64.83773167701713
65.22485943116808
65.12217893264707
65.12984164180145
66.00700578522475
65.03096582441466
65.12573188385642
65.3277242748921
65.85445803957835
65.12984164180145
66.87809868039372
64.74339362532973
65.12573188385642
65.12217893264707
65.73076928087222
64.99617668459517
65.96165853576483
64.89687045515142
65.28075603074578
65.38362087446981
65.9035117179521
65.52636954663966
66.11879546987099
65.04727895237374
65.13770623645371
63.99241000902408
66.19174651208105
65.85179140386056
66.93399527997144
64.79929022490744
65.18162848343411
64.24851133918006
66.13585342701252
65.37593165668173
66.06290238480244
64.79521020073764
65.38005537588933
64.66469612234656
68.82660176713458
65.12904718015459
65.8104858459758
64.64515800366419
65.22485943116808
65.3277242748921
68.12955381625929
65.32083217141432
66.10928663266051
64.5519533634973
65.22485943116808
65.43170250194541
65.83436600784327
65.12904718015459
66.8922451697541
64.5519533634973
65.32415877631162
65.3277242748921
66.0709381309072
65.56915516979869
65.96748762456953
64.60215754847785
65.18162848343411
65.28075603074578
65.76020742954236
65.56915516979869
65.8663824455535
64.40977242576045
66.668271778189
65.07278678251518
68.26221725072797
65.32083217141432
66.10928663266051
64.45324575243207
66.41216674689692
65.43170250194541
66.06210767551593
65.32083217141432
65.91159102499184
64.44669635349358
66.41216674689692
65.12125053955774
65.513258570221
65.617963242404
64.44669635349358
66.51777384542969
65.22485943116808
66.3939987590755
65.32083217141432
65.421077087062
64.2455397768286
66.4225061457765
65.22485943116808
66.03668861370468
65.513258570221
67.87192320104003
64.54047140786476
66.62447785070842
65.3277242748921
66.96056402009647
65.56915516979869
65.57660080002691
64.59636800744246
66.88301737701677
65.28075603074578
66.31610921729073
65.76222183658415
65.87141324539246
64.59636800744246
66.88301737701677
65.38362087446981
66.30581964310987
65.41777378470113
65.617963242404
64.64022891046291
66.9212768732567
65.22485943116808
66.02058298390735
65.38745195864804
65.47697368663971
64.50259295307129
66.9771734728344
65.38362087446981
66.29573255541028
65.22485943116808
65.32330569084033
64.54047140786476
66.71919302243462
65.01876039378395
65.67599797795536
65.513258570221
65.32330569084033
64.64022891046291
65.32415877631162
65.22485943116808
67.77705173058861
65.70632523700642
65.32330569084033
64.44669635349358
63.92744162576982
65.42985240089295
65.66728908920756
65.12823932121589
65.5207042004492
64.44669635349358
65.32415877631162
65.12217893264707
67.30543548132253
65.03096582441466
65.12573188385642
64.54047140786476
65.32415877631162
67.17503753614095
65.44147760327908
65.32164275045525
65.12573188385642
64.64022891046291
65.12573188385642
65.42985240089295
65.65483844737396
65.61133437587242
65.22485943116808
64.64022891046291
65.22485943116808
67.38400082855485
68.1876166758618
65.12823932121589
65.42277152662835
64.64022891046291
65.12573188385642
67.28867915962505
65.86500910069161
65.32164275045525
65.12573188385642
64.64022891046291
65.22485943116808
66.87024623841366
65.8591041455942
65.03096582441466
65.32330569084033
64.2538375000889
65.12658203267321
65.22485943116808
65.75536074784189
63.804593884769034
65.22485943116808
65.0325924363695
65.52327225116296
64.89362827659482
66.89713920297102
65.67385984198171
62.54963551955769
65.28075603074578
64.4023546428766
67.51456529088871
65.770451623875
62.659891391713714
65.38455261921325
64.4023546428766
67.10226938234689
65.87141324539246
65.38180668349096
64.65912639557173
64.4959314277539
67.30807873124597
65.87141324539246
63.25343333024559
64.45343765593104
64.30143637640629
67.19662583044017
65.97341737389549
65.38180668349096
64.65912639557173
64.3464580432989
68.68079807419329
65.91752077431778
63.412943422018294
64.60322979599403
63.13072967970718
67.21362781046165
65.77467292936453
63.378274041809505
64.55289962127341
63.914505822822065
67.30807873124597
65.97341737389549
63.66721709786461
64.45343765593104
64.00554688394487
67.81431491914036
65.6772602858789
63.66721709786461
64.65912639557173
63.914505822822065
67.00723375097196
65.6772602858789
63.66721709786461
64.65912639557173
63.61905783247808
68.6175451383024
65.77896764335942
63.66721709786461
64.45343765593104
63.61905783247808
67.21362781046165
65.6772602858789
64.06618648280207
64.55944439787379
63.914505822822065
68.736694673771
65.77896764335942
65.28075603074578
64.14120726067615
63.41093932897746
67.00723375097196
65.57916885074067
65.28075603074578
64.04434842788964
63.42685505556335
66.89713920297102
65.6772602858789
63.75998636960202
64.15141561468212
63.32268860151174
68.22944237258552
65.57916885074067
63.75998636960202
64.25772584207796
63.5153491222837
69.03414334911551
65.6772602858789
64.06618648280207
64.15141561468212
63.5153491222837
69.15583427456706
65.38005537588933
64.16144271782761
64.15141561468212
63.53032623537906
67.32616451963301
65.47866812620605
64.16144271782761
63.8537541632311
63.370958455985644
66.74562909231184
65.6213636863012
65.3277242748921
64.20182924250024
63.756058716782256
67.17503753614095
65.42277152662835
63.99946812879398
64.41220783691435
63.56316123290038
66.85561550566949
65.42277152662835
63.99946812879398
64.82066310640877
63.56316123290038
66.8412426033933
65.5207042004492
64.20182924250024
64.920097520747
63.459452522706
66.85561550566949
65.32330569084033
65.42985240089295
65.22485943116808
63.47442963580134
68.38210325890846
65.32330569084033
65.12217893264707
64.920097520747
63.370958455985644
68.68079807419329
65.12573188385642
64.50997593053702
65.22485943116808
