72.05376691173123
88.430645195251
63.467855364444
78.56483825216665
70.54433959819104
81.67354765074512
71.81424924424712
88.31861062600214
63.260995207699125
78.69477854411024
68.06214845147903
81.65538100388152
71.44717824167498
88.31861062600214
63.16549348752777
79.17976150630946
70.1967503781008
81.62438149410899
71.56816709143757
87.88908052655611
63.22150921808986
79.23577723687156
70.09751674734412
81.41520428506527
71.47379583681335
82.14221552710211
62.975476622180416
79.2510298886761
69.99416006591655
81.40437676573184
71.14052294416916
87.88908052655611
63.125324644232485
78.95288188928495
70.017843623638
81.38270100989644
71.15043819082015
87.83511341511188
62.97243468405545
79.38453241043386
69.9618278930759
81.32668527933436
71.15043819082015
86.86839433506871
63.16549348752777
79.21866026621836
70.1162550294968
81.56151308149624
70.79304225227928
86.393426917679
63.48003716915035
79.38453241043386
69.88366180308013
80.95753295442421
71.1350696096724
86.16204795128735
63.46487507284135
79.38453241043386
70.35586907448555
80.95753295442421
70.92528847909011
86.393426917679
63.260995207699125
79.66606883488741
69.80591995185667
81.29387850289541
70.78207445388472
82.53621830363811
68.75482700641949
79.66606883488741
70.1967503781008
81.32668527933436
70.85940799037493
82.5603504616354
68.75482700641949
79.87350715995751
70.2734229983982
81.29387850289541
70.09100388777088
82.5603504616354
69.03906775766058
79.90969889340143
69.72754289922185
82.36615118803462
67.98714349987085
83.03736999755704
69.24941708865403
79.90969889340143
69.9618278930759
81.8294442300746
70.08853260878719
82.79876428113646
69.24941708865403
80.11846456650335
69.9618278930759
82.1267763411601
70.09983621619362
82.74275176551284
69.12032991891226
80.27327134398163
69.9058153774523
82.87328635040512
70.03252009316355
83.45911235130946
69.61570532379145
80.06245205087974
70.21741048277458
83.16519837239953
70.15584873181724
84.52031540561003
69.9541362810854
79.87350715995751
69.9618278930759
83.77056821687673
69.5672564913269
83.2059443189119
70.05388302981919
80.21726215007345
69.92733476334611
83.68413477006835
69.34187389016776
83.03736999755704
70.23953163370201
80.08299130179265
69.9618278930759
83.46551423900978
69.5013789870542
82.94732135722113
70.19709598280524
79.97096959226083
70.08472866856899
86.09849360411334
69.3699073053462
83.40485510425788
70.4807114089492
80.00819480382816
70.39784447540492
83.08702435254834
69.0835900845678
83.47911716161107
70.2479041921733
80.34185820873746
70.13651842220841
82.89844034804848
86.31667328866284
66.31258585738271
86.81977239996678
66.96594645116213
87.07160566427714
67.09965638485751
87.51977310147761
67.46081964278846
60.675153548509236
88.33322653043975
67.23480154790659
61.0507350552177
88.82647512985942
67.90234683682232
80.34440033270327
61.906358498773436
89.57996515454853
68.43224177486726
83.93052023491155
80.6094603381389
62.78059711056542
88.37462635656424
68.65658738618455
83.34083940036419
80.54554984650463
62.98672006546832
89.83546303518969
69.18582920057146
80.84202495561688
63.49135152501975
89.90215179877717
69.10716865562688
83.31475751030013
81.07483948866627
63.89394351738795
88.37462635656424
69.10716865562688
83.34083940036419
81.04487863980549
64.2991281014854
89.66485370862469
69.63328591137152
81.27887240527807
64.2991281014854
88.37462635656424
70.16916540996546
83.61098466583806
81.36391547884993
65.05648083020282
88.430645195251
70.22518424865225
81.48478890037605
64.91173120021409
89.40224314300589
70.01679159140438
83.53572755564095
81.36391547884993
64.7629083231396
88.430645195251
70.14930399227839
81.59720790434177
65.3488654871707
88.430645195251
70.61175628072824
83.91665673724975
81.54118906565498
65.32332544009121
88.37462635656424
70.1722707600589
83.83685384865758
81.65174822794664
65.31590230675047
87.97133580250177
70.59147627315163
83.94741301094925
81.88526853694204
65.52141245900135
84.6541341577992
70.43999789125195
83.67163462514937
82.11900929422265
65.72754919940256
87.71787720376621
70.59147627315163
83.97119706085464
82.03673520880153
65.58455576117363
87.66180057374886
69.99416006591655
84.51497167022613
81.85457458585329
65.87669409065968
87.66367111139665
70.2252139758213
84.1687234501563
82.03519589228962
65.87669409065968
87.40908522461349
69.99262074940464
84.1911747732678
82.270097232773
66.16913310437046
87.66367111139665
70.53386032662237
84.4719240919425
82.24463940637838
65.87669409065968
87.14885826527684
70.45842983216963
83.58867077140336
82.270097232773
65.9623719197468
84.86708903740977
70.1483154192024
84.4927875159572
82.45600367453022
66.16913310437046
86.39124411752837
70.53386032662237
84.51343235371422
82.44907804253678
66.44716733528483
86.34411836350304
70.32102190066573
84.51796061040116
82.47761881958414
66.7471785747275
86.38815641875937
69.98953305063563
85.12836590101132
61.980276392552106
82.9198899652905
66.77613061503556
84.06968278994415
70.32102190066573
84.17924743612792
62.8144754640027
82.5536080561347
66.62616008597483
84.39576847425293
70.45220270693461
84.83255991131755
62.471100145369725
82.52950625062346
67.11972243150255
84.63032169188823
70.68289794726971
85.14858331347223
62.6120596920222
83.28927219186194
66.88417865478918
85.95014221120218
70.35351418709581
86.97626534082177
62.954003109063706
84.71657718037478
62.87861422635303
86.66692537066977
63.31969101879898
88.66684934813156
73.15688159226137
74.80365033535948
65.81078024721059
76.74927040786001
69.31091886531985
79.44433437246744
72.9496655657584
75.31699350067497
65.78432574278663
76.98862250127011
69.44395478041653
79.6783928244206
67.4864583388503
75.00727382095235
66.00324696748677
76.93254587125277
69.1616511879012
79.62231619440325
72.80207772246628
75.26886145506529
66.05932359750412
77.22194886132097
69.44395478041653
79.6783928244206
72.68844435577265
75.4186426424126
66.19779370873599
77.16587223130364
69.45870108035201
79.88518997803952
66.30974606525626
75.26091687065762
66.39288194869312
76.97977090033854
69.84218222735267
79.84548740872461
72.53978961793304
75.52215404871949
66.5277634037526
77.03584753035587
69.97454878815967
80.1271170751559
72.13506143223965
75.62484282355182
66.39288194869312
76.69960538295524
70.07025003381837
79.8054169339126
72.27939879709494
75.62484282355182
66.3135378928861
76.97977090033854
70.29892197633762
80.07104044513856
72.24721759517075
75.89717423961243
66.62188226711345
77.04470203418389
70.02961509727228
80.41116269761369
72.01706131268502
75.83291717509873
67.3014120824729
76.98130720675098
70.07178634023083
79.88672628445198
72.01706131268502
75.83291717509873
67.50028618399234
76.98130720675098
70.22518424865225
79.84702371513707
71.81139541377892
75.99260199313687
67.42231945806671
76.93254587125277
70.52819314486864
80.07104044513856
71.8720375132019
76.03825222815766
67.77346224066184
77.02661465444947
70.29892197633762
80.33702628989393
71.81755498092758
76.14603562323856
67.84360112644417
76.87806333897845
70.2444394440633
80.3202119101825
71.8720375132019
76.49687163760056
67.97279512556052
77.21218896219115
70.29892197633762
80.29900653468258
71.84202081777605
76.85901867334911
68.28480287724655
77.09192706326962
70.64034930779975
80.18319660806966
71.46639104908311
77.11917641481834
68.0985378073018
77.25813114524976
70.75805852684655
80.29900653468258
71.7011463364303
77.48008259017787
68.2106939702329
77.09192706326962
70.64034930779975
80.44918245282503
71.43853608271729
77.7273875381447
68.2106939702329
77.37028730818086
70.7142061986864
80.67871942961465
71.19465352007224
78.29368366882821
68.15461443731914
77.50105819002953
70.81413515686388
80.9261185378147
71.57854721201421
78.80181910627242
68.4116691603105
77.55713772294328
70.63333218878186
81.24920608718696
65.27442575109082
78.29402836902192
66.71863731814175
78.54934931441578
66.86578852053879
79.17202938454258
67.54341675535824
78.86040581172405
87.79904132102067
63.2733262955576
77.30860217453689
60.97318289500445
78.98193776099535
71.55767245470886
83.34880702642816
88.83242841594166
63.80832234851884
77.48785357253432
61.53943709035115
79.18738771007261
71.55767245470886
83.34880702642816
88.4851855188559
63.99124897195555
77.48785357253432
62.01610708202415
79.18738771007261
71.13116088259459
80.49032078809262
64.33964355843425
77.48785357253432
62.88299796741413
79.64337095866424
72.24634388916361
82.71085961619264
89.49814487899121
64.30416159298436
77.61424285989794
63.413751717150994
80.08675361121792
72.01113845206937
83.03538062703792
87.54599457312031
64.25744020090174
77.89365777088452
63.664644183366825
79.31476068106687
72.39436917000374
83.37734966284312
65.1296206595699
77.66878318350282
63.664644183366825
80.31911595064658
73.01847072580561
80.12861881235874
88.42910888883856
65.17795345460488
77.83758114086719
63.517296960986215
79.46973598166623
73.03355963484347
83.00388252041823
89.13642825738282
65.17795345460488
77.65547070106238
63.80554410267495
80.26303932062922
73.10408890344685
83.00388252041823
87.60717749780049
65.63032779205754
77.99165348095735
64.1152995264961
79.87234679973093
73.14571579777459
83.43342919575687
88.84105534947778
65.6028518458434
78.3443923727431
64.14879465371138
79.7390232563007
73.34723593572305
80.12861881235874
89.4961825711863
66.1268028498729
78.15992730192843
64.34647017338027
79.7778152473355
73.34723593572305
80.49032078809262
65.68064504753484
78.11886291540542
64.54475883795556
80.03015784167845
73.1601655334642
80.26597626995684
88.4851855188559
66.05049346613771
78.11886291540542
64.74365873272586
79.9924564907374
73.27714632822057
83.05995915043557
66.4223238338189
78.11886291540542
64.85580778819907
79.9924564907374
73.27714632822057
88.4851855188559
66.3465255025496
78.49060197144051
64.96909015719923
79.9924564907374
73.46682488770524
79.86000234068544
66.79612055424009
78.07747420636584
65.34400558670859
80.2092926917807
73.13504902643149
79.59476226149202
66.7213470300784
78.49060197144051
65.7472546629815
80.17203017885646
73.06302420011723
66.90949691142012
78.49060197144051
65.63036555707919
80.42835138500934
73.325639336854
79.28258854683423
67.2696561277222
78.27792221899905
65.71828445411484
80.11429603028898
73.50344914818741
79.28785998353825
67.58903909425042
78.2925009115832
65.8924234396999
80.20865847978918
73.22109613152305
78.9776195806504
67.39942609075122
78.2925009115832
65.80675653856423
80.20865847978918
72.95510092314052
67.42080060273973
78.62301612894147
66.01296140949492
80.07835635650714
73.12576142653761
78.91488834399837
67.58903909425042
78.71147537784591
66.01167865594947
80.46724502619327
72.61393172421505
67.13939886976613
78.63936315100332
65.89951679445612
80.09649661829584
73.1089342700297
78.3494357933113
67.70652261794078
78.94237028469304
66.21721232838968
80.46724502619327
72.88037198161454
77.9776921041941
67.2696561277222
78.65539304926635
66.36727265566172
80.67008311493863
72.89901859456094
77.66774465651461
67.25595187987956
78.63936315100332
66.10505046689632
80.61400358202486
72.7682101201212
77.61166512360084
67.70652261794078
78.71147537784591
66.30166593254397
80.72616544351821
72.72880693904938
75.41158607816155
67.95190292871946
78.09484328412714
66.10356604763717
80.57653839663828
72.69129757073947
78.78925681440258
65.51315228533751
80.6481759931082
72.67228865208035
76.98806502007113
61.00036766716099
76.11240860319171
68.72465528916513
81.1967301805609
72.56447420631045
77.36204515595178
61.30330780702091
75.98596831098111
68.98926987852909
80.94662168317822
72.5083946733967
77.4816446671064
61.630764178337316
76.1161239929304
69.3370480609163
81.14217740184908
72.07956700324351
77.42710434350151
61.67332702337445
76.11394490960417
69.27250614666825
82.02629246886688
72.13410732684841
77.4816446671064
62.20853348083082
76.64697499382811
69.64957344014174
80.92884146241644
72.19018685976216
77.49496160463458
62.457679680530035
76.46359588940543
69.7056529730555
80.9849209953302
71.8602797092395
77.42556803708906
62.34960354176871
76.06004736291305
69.2709698402558
83.73842443310372
71.68946489963196
77.67273971160097
62.657116379710715
76.41218885366688
69.54064990219733
84.14255969677414
71.88511654452151
77.53772420002016
62.657116379710715
76.65260701214169
69.78261470392744
84.45564827179479
71.70823544503315
77.82323657597615
62.639587734022626
76.30003269073576
69.67045854099634
81.41260714411565
71.60437000317837
77.71501531214113
62.947235805770845
76.41218885366688
69.78261470392744
84.47631774402696
71.13116088259459
77.6166601786872
62.79704208320856
76.30426943985036
69.40102052130159
80.35508316469992
71.95034766151075
77.57405713457253
63.08728926281767
76.25199130981959
69.72653517101367
79.7829617289091
70.92783581914469
77.96388950146864
63.21802560701025
76.54198715562305
69.67199484740878
84.0764241321814
71.97689763905122
78.03324291153726
63.43257250903137
76.65260701214169
69.94354456585452
83.89799246865083
72.04912629422026
77.79608084700048
63.664644183366825
76.83737115155925
69.88746503294075
79.49754822064742
70.98237614274957
77.97716337862349
63.95173412345209
76.59652747922793
70.13173846103824
79.49754822064742
70.58665381811178
77.64341944815179
63.66032545641172
76.7268119892676
69.7769058706491
79.67240256661745
72.02535993731658
77.65700700747485
63.716344295098494
77.0240926112786
69.75049481857769
79.44300789704253
71.94619200571535
77.9226230550186
63.807080409087405
76.73292994856523
69.99569637232901
79.15804341805072
72.22498081054395
77.93557394804358
63.95173412345209
77.02970946411837
70.29613981920458
79.49754822064742
71.75951468790845
77.65700700747485
63.807080409087405
76.68260569851137
69.9134930147965
79.1113238038915
70.57296428969343
77.8810336244387
63.914484051657844
76.9258298689922
69.99569637232901
79.1113238038915
71.89580733790586
77.61424285989794
63.716344295098494
76.49111411282054
70.07719813743336
79.1113238038915
71.94619200571535
77.79687070313894
63.8971937998472
76.78283082795437
70.56781780811981
83.18350629363458
70.3906908639949
77.68483613389007
63.695045839838535
76.5705711292625
70.0483043944876
78.7134064709892
72.15933308684012
77.4716815248123
63.948660831290674
76.383791377525
70.43217926740557
83.41750028688355
87.37815847317512
67.54568291565383
77.9291601865997
68.42395045751076
86.77834051759972
68.94451562278526
78.24822541946509
69.20606487480474
86.55917114854117
69.2620867147668
78.25414207433768
69.43227844483067
78.80589115626472
69.396807240573
76.98862250127011
67.82627545554841
74.0514554084104
60.611319625296396
79.20694550318599
72.9306142487815
80.98045306824393
77.21372526860362
67.97760351326426
74.22387907749065
60.948124372428296
79.15240517958111
72.87607392517661
80.88122342698775
77.50105819002953
67.90351607042935
74.33570943251071
61.30407443337869
81.70952934945689
73.40605154389478
80.25846305474772
77.44651786642464
67.84897574682448
74.67916965840638
61.349429788408194
79.10705341711301
73.22526239941712
80.58894198014795
77.17525304483569
67.90351607042935
74.78930901444687
62.022999185501945
81.70952934945689
73.40605154389478
80.59683607396802
77.74581146403786
68.16482983793328
74.84538854736064
62.183056945469
81.45133490761445
73.10954168713961
82.3894216724841
77.98025436057328
68.16482983793328
75.24685775109536
62.492378104456506
81.20688625035297
73.46213107680855
80.9918432835064
77.7009595974391
68.37061163991926
74.78978951492503
62.28816603455295
82.01342404388465
73.66558305013088
80.94662168317822
77.61014212935824
68.29464497618146
75.01810440135365
62.598969561897995
81.48607899067298
73.59117867275711
80.65291560688179
78.22814776060626
68.50211618844443
75.01900249137041
63.073922879281234
80.94669642498982
73.77920012946845
80.66179701026041
78.12871987617515
68.37061163991926
75.4225932552574
62.91711836468948
81.48607899067298
73.51604347232069
80.26537222469446
78.12871987617515
68.78380532984099
75.4225932552574
63.01784055070165
79.4954637901789
73.44016689038423
80.21561472134283
77.83596585961097
68.72772579692722
75.36651372234363
63.27168964737726
79.11580042236842
73.74162268238517
79.92066687628032
78.35207560438609
69.35154231295041
75.31263209552901
62.96176101778789
79.11580042236842
73.45996393940692
79.5834694859639
78.60314107954478
69.61662063571843
75.08258044315464
63.12825891519309
81.17079704859096
73.15796808488835
79.58647092291842
79.07894284374406
69.33493863347421
75.492781983483
63.12825891519309
81.69849163913872
73.64779209292806
79.58647092291842
79.03907104815308
69.26172218342809
75.492781983483
63.12825891519309
78.84565512838724
73.49487321957116
79.63954901887767
79.07894284374406
69.54461089628111
75.492781983483
63.43965633794629
78.89321973567151
73.2861463487119
79.24795645237255
79.518135338879
69.33493863347421
75.492781983483
63.43965633794629
81.52048590656848
73.57171424897119
79.58647092291842
79.59368029695403
69.33493863347421
75.2596336060777
63.22838124989553
81.2780203111851
73.20798025871612
79.6459935327208
69.43245473335
75.32631894757611
63.12773026341884
78.8748192164368
73.30510158052799
79.19081595754545
79.99704563062588
69.60913832494421
75.6715399453618
63.12682940172502
79.17045044181411
73.33742682912545
81.6873657677478
69.4061923323961
76.39555748873458
63.96052142260538
79.03174993784066
82.19964379239168
69.19772119503016
76.34563549574405
64.17335979045981
79.62490858115373
82.94996657847379
69.27054113983279
76.39555748873458
64.36505358066685
80.44905766631197
83.46696828326712
69.1760351634591
77.10979861137999
64.2930407586846
80.59539737878559
83.89779772479405
69.55661847907538
79.15627036591502
64.34358295051034
85.7196630658531
86.34530303494668
74.14831725388979
85.04420531247142
74.75341213544289
84.63604460714993
74.55942245033353
84.29825265556215
73.98007876237911
83.6654671981124
74.97326590991486
80.54640032100637
75.08542207284596
78.29368366882821
75.28409834315032
77.8716233376464
75.50922851451404
77.98348683231346
75.05235605898712
78.60579493934678
75.28409834315032
78.71343816683503
76.03083622069734
63.45237212465735
78.40458753131358
76.29384904825355
63.82137080639234
78.0963277033863
76.29384904825355
76.51762152685028
65.07991542283229
71.73140096125739
67.5516283146936
81.53822207276588
77.18916642762456
76.56625474396989
64.98772448028875
71.73140096125739
67.19446721457909
79.3280227069591
80.35006381364994
76.57216185045515
64.82921425123057
71.95410451545021
68.12358224346974
79.02286331083029
80.40460413725482
76.85155151991547
65.34754793914237
72.26499182325311
67.9613470297269
79.38256303056399
81.79587012122184
76.7011416893677
64.77467392762568
72.45085807426088
68.06904191986486
79.27830614584903
82.12903646001618
76.93408217766525
65.07991542283229
72.45085807426088
68.32906121708628
79.22804822322937
77.1207127212308
76.98862250127011
65.68554149494533
72.74638408140646
68.2194880479084
78.9709649740157
77.93000408590709
76.98862250127011
65.37885866058433
72.5740369417164
68.47849078111564
79.28258854683423
82.4945908009311
77.17525304483569
65.81109745181736
72.74638408140646
68.81255746426305
79.33284646945391
80.45352942437216
77.26826559220851
65.81109745181736
72.74638408140646
68.9062333940268
79.28258854683423
76.48828621093232
77.22194886132097
65.72017641134443
72.74638408140646
68.81255746426305
79.28258854683423
77.17525304483569
77.4449815600122
65.66409978132708
72.51796031169906
68.85015676400944
78.86242289912414
77.55713772294328
66.43181670801799
72.63011647463017
69.30440589505986
79.02704450692946
77.50105819002953
66.5956287489512
72.74638408140646
69.24832636214609
78.9709649740157
78.023819263676
66.87228008966574
72.87017359976022
69.57085724328313
78.34976320174198
78.06703022354385
66.87228008966574
72.63011647463017
69.396807240573
78.34976320174198
78.023819263676
66.95971549746487
72.45961309495596
69.8381632124042
79.5520165111681
78.34193555305716
67.09352872466431
72.39063141548942
69.57085724328313
77.66774465651461
78.12311255212343
67.1496110532439
72.9262559283398
69.6269395718627
77.78346986672427
78.1659738161636
67.45752257169158
72.8585459428998
69.80318207587676
77.16366611492258
78.31377672921396
67.1496110532439
72.68619880320975
69.89424554098377
77.41197075253628
78.27113783296355
67.45752257169158
72.79026329166126
70.07245235264624
77.53384684700595
78.27113783296355
67.67938028178581
72.8585459428998
69.9816553730182
76.91856305228882
78.78256070829697
67.45752257169158
73.40806064316635
70.07245235264624
76.91856305228882
78.64459308410056
67.09352872466431
73.11079638503745
69.74709974729718
76.49048016836012
78.88137197332733
67.5380423403354
73.21975497690487
70.01637002406665
76.18297999245205
79.27118432136143
67.56560515741937
73.15750638694139
69.68434168526146
76.97596516568758
78.46560937692473
67.59549657996027
73.1427202210824
69.89561745202907
76.54793440798498
78.99353931888957
67.65020968589764
73.12932140057765
69.49781995189224
75.9191416019843
78.88137197332733
67.45212071544103
73.51083452833639
69.8381632124042
75.8762012867273
79.20732599180742
67.53378057831944
73.36424278375405
69.55390754998436
76.21518627700593
78.75885801996239
67.45212071544103
73.57698537106245
69.74709974729718
75.8762012867273
78.84616416530599
67.33996455250993
73.08383167716859
69.36653187429872
75.3872183621766
79.08749390289204
67.478121173534
73.21868267243644
69.45870108035201
75.3872183621766
79.23921034047085
67.64349955293082
73.26370381969392
69.38565260633
75.59475553613274
79.4999857684332
67.84471632376041
72.60923901363333
79.29984351269131
68.01290599911398
72.92060188024854
79.26126323675055
68.23672815676797
72.98794241204928
73.38408735747046
69.25451314319461
73.17399018578078
69.19843651317727
73.3295470338656
70.19463925168964
73.6124979443702
70.19463925168964
73.61096163795776
70.3948233217087
73.84017127602412
70.64204244852483
73.76615942263538
70.94476353889641
77.0264331729787
65.37885866058433
74.07850036241904
64.24615039227679
75.57777684759007
72.40633695667314
75.13749598116719
65.57402217530348
73.96035109518513
64.0895552585585
75.74312382138103
72.88904998191616
74.90456726571972
67.13258514636755
74.31879543730415
64.30222992519055
75.85374367789967
72.99966983843481
77.33063192289299
67.35168655220444
74.38140628586412
64.5284061741122
76.07633220970469
73.31483727245954
77.33728067225303
67.62752182788671
74.4374886144437
64.35831225377014
76.13241453828427
73.37091960103912
77.28119834367344
68.17739470166016
74.75039815440869
64.85520093890301
76.36415692903888
77.359510841573
77.78079574574159
67.8751416208164
74.75039815440869
64.88326805300696
76.36415692903888
73.63095129054634
77.28119834367344
68.39761035598256
74.68984603796467
64.75538073876376
76.36415692903888
73.714785081414
77.78079574574159
68.47819238568142
74.68984603796467
65.0822409703081
76.7130934288513
73.714785081414
77.47470561185231
68.94142456817396
74.69431862149492
65.02616143739435
76.65701389593754
74.44894205092942
77.4327228890172
68.6982946783116
74.75039815440869
65.40763571154821
76.65260701214169
73.94799683287036
78.03122168250104
68.99750410108773
74.68984603796467
65.40763571154821
76.94166983065332
74.66373524856165
77.69134513500661
68.67032587543193
74.86256549997093
65.51980305711045
76.93383330233775
77.40794959186904
77.6977753404063
68.94451889431346
74.8568362336049
65.60805464193646
76.40552892216716
77.3331398896644
77.94030937454087
69.04635495347482
74.7387068373682
65.51980305711045
76.64195401096646
77.0859925357328
78.07990897877097
68.96832481548964
74.92260063970642
65.45484188368371
76.8729086204165
77.79261777569458
78.23557664806522
69.18756538897948
74.86256549997093
65.78336912909393
76.51660794203963
74.69698801362014
78.14338902806328
69.18756538897948
74.61718892940542
65.45484188368371
76.64195401096646
74.06016417843259
77.94030937454087
68.96832481548964
74.92260063970642
65.91742751475044
76.81135628200414
78.05400868089843
78.18968361941234
69.63534056031202
74.92260063970642
65.91742751475044
76.81135628200414
74.45869478454102
77.5941360302655
69.84883851256286
75.10845902938638
65.48809537937717
76.51660794203963
74.77590259412389
78.24577121750445
69.75973206830966
75.16454662747849
65.67816712567327
76.50905126804324
74.67327652749753
78.15151049169165
69.75846732029551
74.9173883500489
65.34203566402296
76.74115287082492
78.64226421417521
77.99513222461884
69.6826492098412
74.6720117794834
65.44288646619793
76.5714307921176
78.97126697700713
77.9477859413818
70.12525564414354
74.97742348978439
65.54291822945514
76.74115287082492
79.30091937520297
77.90002430709009
70.12525564414354
75.16328187946435
65.64214028847292
76.677659150872
79.35527599731662
78.04957413746055
70.51535024173458
74.92260063970642
65.45484188368371
76.68633002074694
79.9072701347767
78.09668764161368
70.2926048519655
74.86256549997093
65.3556571365167
76.38865866943951
72.75390980887535
78.04957413746055
70.2184835744099
74.86256549997093
65.45484188368371
76.1574213528944
72.84488921270064
78.09668764161368
70.14378247004421
75.29630968303302
65.25566848140583
76.1574213528944
72.75390980887535
77.64295249032831
70.44200303677047
75.29630968303302
65.48809537937717
76.1574213528944
72.84488921270064
78.18894988337107
70.25448371098209
74.93530667366952
64.93964567038383
75.8154798528792
72.82126259936061
77.93597727843023
70.25448371098209
74.7489686409406
65.27446675708963
76.10891346201385
72.3196418426988
78.23498906953556
70.17997943714522
74.7489686409406
64.93964567038383
75.6817453653034
72.22598311204102
78.06214210899591
70.3607561177031
74.78131858090354
64.7120102869222
74.82938773910749
72.25833305200398
78.1183283906293
70.29672534122936
74.7912102711879
64.95269943789205
74.83927942939181
72.5905494100318
78.176369431151
70.28026210791421
74.72762353255055
64.67762923449239
74.3111785414089
72.64859045055348
78.32845763010353
70.3023164552244
74.923067901987
64.72749309120157
73.46366097423335
72.59614052402684
78.81649894543091
70.02010004308352
74.43196433544293
64.56726099579302
73.11751343578982
69.78378977545407
74.49542985017065
64.99302561718113
73.05330311546531
78.92407732020072
69.63811300860755
74.55835201719898
64.89194953415921
71.36277372772841
79.36797838314982
70.10345439801682
74.01298675517042
64.80746306016736
71.11499226738574
69.04001901089734
76.53335238507621
69.33405637291746
76.12462468818039
69.72878798128068
76.60640190612673
68.4404642128892
69.71895228426574
77.13828153531439
68.34763900984096
69.52450255372969
76.7991085520574
68.14314605714195
69.80529038475127
76.68826088402567
68.34763900984096
70.01752784235501
77.2070489408804
68.00146806029016
70.41610677624003
76.7991085520574
68.60135025123337
70.61914683020206
76.46209592672956
68.16083762746162
70.8236981716547
63.679521491448504
68.41516417176479
71.22356957966407
77.07001379264484
64.73907090367572
68.85455604280698
71.62054790345128
77.41195362970544
65.2121263231355
68.35907915478214
71.65673214869376
77.08351619586223
65.32808151635605
68.76285026737148
72.01462672690562
75.65928726188446
66.55882684865102
68.83328620879094
72.16925172223958
77.09620127284866
75.82705721505913
66.80651396144546
69.54045866365858
72.19341758529187
77.1396012128449
75.84859950665178
66.73985556541786
69.17544751305931
71.99232419679832
77.09620127284866
75.95830255769275
67.89765630456606
69.17544751305931
72.46769088702328
76.75893991730734
75.8476056964041
67.92914029927243
69.11936798014555
72.11317218932582
76.56066158124399
81.01276396780912
68.60096448343928
69.08632109577148
72.16925172223958
76.27649132387727
76.20463390340322
68.65704681201886
69.48437364667593
72.22533405081917
75.99320009658742
79.73795941104031
68.98926987852909
69.26379196810724
72.55336487117127
77.02743386728265
79.68187987812654
68.93319034561533
69.11936798014555
72.2002630469725
77.04012173993489
79.75553282015757
68.96056549297512
69.2315298416389
72.01629953260968
76.9435067945149
76.99258502397043
69.28345276315666
69.2315298416389
71.9278054658893
76.67282344273734
79.01118722500496
69.5222488879037
69.06877935529533
72.31242490846584
76.60044807242566
76.49868990888469
69.54851680530179
69.35136429234245
72.25634257988627
76.34992858116732
76.74736785386904
69.8432053163527
69.4942564890985
72.60944719975085
75.91696388852942
77.1260721302938
69.49243727238802
69.29528475942868
72.58207431838393
76.48828621093232
76.33779914294718
70.05023669593389
69.54618125861583
72.49728533825751
75.95637780970438
73.74476851435875
70.08248817756285
69.57174134278057
71.9278054658893
75.91696388852942
76.94699566817857
70.45754663569278
69.46353163790468
72.36850992544849
75.55358931506562
77.1260721302938
70.28929975721678
69.29528475942868
72.79519258977203
75.46441821323123
77.0764673159741
70.76939281247897
69.0451506906797
72.58207431838393
76.22041179096351
76.89091065119591
70.88155467397232
69.40744662092203
72.99072523741812
75.49750429808296
76.83482832261635
71.066490795514
69.43817416051891
72.76702855063303
75.10006021467105
77.08251270589247
70.99019221522518
69.35136429234245
72.55336487117127
74.67579836428904
77.08812604214025
71.70180145786182
69.06877935529533
72.6519514794264
74.30378926730187
76.77874878970258
71.83508002025286
69.0451506906797
72.71094901771927
74.27841940109553
77.09330160311414
71.83202250729107
69.21339756915572
72.87919589619527
74.70308958395452
77.28119834367344
72.13723046570077
69.35136429234245
72.76702855063303
74.24770693872227
77.28741490632903
71.70180145786182
68.81846257404062
72.73798111374356
73.62051144080715
76.9811342575519
71.89115955316662
68.51284752348874
72.38111835920607
74.24770693872227
77.29451345099072
72.17786810006002
68.78559624147287
72.10580863877667
73.24435805559831
76.9811342575519
71.99090514143126
68.76238024546105
72.293633478984
73.81578229658997
77.53078514476609
72.0643836580817
68.26410460408019
72.08125023972963
73.13087361361997
77.73303411144988
72.31205336938164
68.42163191095136
72.38111835920607
73.31683503325068
64.69930120584999
77.90047734389493
70.9742820487066
75.16910246974865
