68.6232350036434
64.6131190629324
69.70049306487293
74.37965164668086
68.78282556577169
63.72763229293164
69.60908952562073
73.5002649445229
68.66933411110439
64.07459120032931
69.31740808693591
70.46142239668404
76.68984660796464
68.65537849508921
65.03389379097186
69.93972989698652
70.3570612551721
76.59225169007905
64.39821309873277
69.88665240601786
71.49784363648531
76.11966801429772
67.96220456579674
69.88665240601786
71.7767489414066
75.94073879916964
69.47622861950919
67.74018560646857
70.84453793796327
76.171943270265
68.49184420913154
71.27047237955664
74.66409958288207
76.7118831960296
68.42508884097916
67.67858420334954
71.19789241649609
74.95344846345635
76.4683351309817
68.10776742612687
71.14565541492993
73.58219968807562
76.68108400404967
66.90674602057747
70.34840977353888
71.05177985166702
75.04495102960887
76.8472121938173
67.012200487331
71.28349361701852
74.76786052763974
76.63587224537461
66.54815301057093
66.73169465561143
70.85623097990349
76.61158610665032
66.50832755111735
66.84398695672216
70.70345983639008
76.83167378107618
66.35752930119543
70.1207556735029
70.90846798146963
76.74801599875681
66.26063098310551
66.77488893263205
70.6463445817391
76.76413936301321
66.26860255978823
66.11366572946068
70.08885760095707
76.64973860026195
66.22472783796151
70.12527783446534
74.58655925561104
76.91480118720452
65.51864933646067
67.51553202586703
69.97100754471442
76.40365484842546
64.9698259571107
67.36262398365095
70.17749559436366
76.8838915409745
63.999558852251724
65.78230259371448
69.68916997747388
76.64973860026195
64.17665832339058
65.49004618727575
69.62596634479945
76.64973860026195
62.737243923741936
66.44806082199942
69.23519995056996
76.66382310821646
78.31399496861904
61.15712924052494
73.51905818131874
74.9226555488227
78.58935335680391
61.293307969369664
73.69256710106534
75.36001941634342
67.51842221187461
67.19401855287107
63.011440116851105
75.70628755810677
68.72567541270165
68.35635692807638
69.77636086066269
73.43818863207771
69.72064081040097
69.61097784007588
68.60632256462296
70.79723329694635
73.8883672678381
68.86230546690771
70.5580751329208
73.78389858344771
71.2450260517861
66.89083644601062
68.50842644266392
70.27016629939652
73.41030527531309
71.39324924537434
68.60210965052426
70.66987746686692
73.41208893755682
72.15048409350152
67.00280856063846
68.6092444024803
71.31016889874617
72.87708328196995
66.89284465138083
67.33994582591083
71.54712944494021
72.78848512321576
72.48556215322739
66.89284465138083
66.58203931754825
71.69169146866747
72.78848512321576
66.67166665863441
67.14367736820905
71.59227007266131
73.24061457755744
72.97651654238231
67.03665968828288
66.85490236784302
71.1298097578446
73.19993794358541
67.1866407177587
66.79701594147372
71.57204088236992
73.19993794358541
72.44368441394225
66.17782674684985
67.04274091638143
71.86926435926671
73.68837635379244
72.91005346339794
66.84913635573676
65.82817136843771
71.45296609821317
73.77990731839908
72.7213101037496
68.24590482757013
65.79118321357628
72.03854203174622
73.12183325798802
72.83011281363585
68.64619450893296
66.90702278210607
71.74972043240834
73.26657698399805
71.51090769501761
67.59539316442867
66.00188057023529
71.59926947935213
72.98381200251711
70.72201750127884
66.85490236784302
64.74376090700869
71.5003529211028
72.96776006717391
67.79719081468181
64.72502572106349
71.96833796722319
73.09656421377906
66.2625624194054
66.11723948046861
71.1738694265906
72.58982260190236
71.22765704149985
67.59539316442867
64.59993854240001
71.146947506384
72.53770218763931
69.44578922436165
67.4856974150473
73.78399035827087
69.45109095281076
67.69309303608374
68.31248273930186
73.2105257352669
69.25816212167601
68.84285397480627
68.35929300626688
71.68522376876078
69.77565831581462
68.04245321558653
68.25832454176363
70.3867568657095
70.41940402999
67.89419563669044
68.10702150904962
70.24184818837054
71.40981726065694
68.29772813114707
69.23390960113316
70.43903959445922
71.80845437793316
68.09473594433625
68.62202044869703
70.43903959445922
71.80845437793316
68.19865298080228
68.93104093379392
70.06715980758977
72.28533821035394
70.9661359642781
68.2453262478415
70.40590518085412
72.3442752021157
71.07278000656002
68.54806621679826
68.82243005318433
70.3722725505008
71.59751168263955
68.14699937942368
69.28617303622059
70.7210679236254
72.57852307475285
71.06960778724287
68.14471314745889
68.77145171231027
70.2469117951599
72.76249277060768
71.02682592946564
67.99557408503101
68.01717533658426
70.14240429489305
72.91595329624514
70.60000855877315
68.04692971470175
68.20909047396509
70.10675042300907
72.65798527034082
71.20579863387124
67.54700309296709
69.30370891955936
69.89289176454473
70.9454735075641
68.20026189473938
69.40817760394975
70.39858030784836
72.55607172371695
71.14574820100363
68.09916911764203
69.40817760394975
70.8255366080158
73.0580897053738
71.28096218360946
67.85224211838731
68.44517957803508
70.42901441817295
72.72287396240394
71.21304939892273
68.24914286403789
69.34396499725645
69.9478109432832
71.66274113880975
67.99692806410967
68.07283295075574
70.75672340915314
72.80155915216123
71.2040829549156
68.10139674850006
69.04569304515279
70.82945587605217
72.44410356457803
71.28096218360946
68.2919822352073
68.30919506650793
70.4906580537546
72.52602466587568
71.43643380668773
67.70521594623938
67.85049007889485
70.76181975361061
71.18467110529822
68.10528421037773
70.59925312171649
72.54849416178288
71.16260241421207
68.4486560169657
68.6666571938426
70.74701534739258
72.94241847682385
71.56707819423207
68.10147647530214
68.80544115179976
70.88166097342017
72.92636654148063
71.40169983354448
67.90210788431128
68.28626923151101
70.89772725691303
71.08782536333206
67.85819222210431
68.45897301986648
70.86621035081546
71.68929954452058
67.36416273305996
68.5130307098348
71.2478903854435
71.47086047801474
67.51093230899166
68.10656004455463
70.98129877558367
72.77507905977194
71.49767896195331
67.21790392622
68.6128561592429
70.91339719091155
73.2920765958551
71.56707819423207
67.21790392622
68.33374968309828
70.74701534739258
72.51555911911609
71.360756736674
67.41157381226984
70.99763085884256
72.72287396240394
71.21304939892273
67.36482305851179
67.06287426233206
70.72923246247255
70.95359007210446
68.49535845722724
68.05680205025322
70.9655826907484
72.25644662097478
71.48109340765852
67.27167216648432
69.18802015526083
71.2478903854435
72.534524950768
71.42890790782165
66.6205487786224
66.41778708093565
70.37678979896197
70.90136545289347
67.21558023951745
70.76625709539002
72.4327014089549
71.645293088283
67.2194670691163
67.90210788431128
71.25296087187732
71.37670281045365
66.68128296162259
68.82649344034746
70.41068119312533
73.18736391222161
71.26525449629074
67.6625313817347
68.23118666114065
70.86621035081546
70.69417443103328
71.25013879820848
67.27820152843974
68.65755886174563
70.93384647325702
73.16248030257866
71.67093997733963
67.9543129816793
68.81091428312477
70.81402485097861
73.18736391222161
70.93958618740469
66.54642940785675
68.7557466969578
70.79920084722943
72.46210131484247
71.38535278081432
67.61413847445966
67.9543129816793
71.04983595621056
71.33316728097746
67.76413199349417
68.35585866101893
70.49840373670416
73.6017241061316
71.57628775949912
66.85076191857341
68.59805869585466
70.31568763985491
73.03392084169387
70.97545385794415
66.98774784987829
66.47897303930323
70.79920084722943
73.01041843375648
71.02763935778101
66.39078925464526
66.18653723615729
70.48500013992292
71.14697713354376
65.16771064051078
67.72728149346986
70.93384647325702
72.62250663598721
70.47326072074233
67.4964579326724
68.0082278957205
70.6514189485209
73.90115357451218
70.68747832398851
66.74188489173436
67.9543129816793
70.4159802247415
73.72746745502187
70.777571056522
67.90491032642244
68.60895555736965
69.6706687367326
70.57104881115815
67.5685371898765
62.696591086419666
66.4057640945587
62.49405576517114
67.6818549709986
63.98196591524894
66.35545625321528
66.02857755354358
64.32232669559313
66.04451616827224
72.06734754966624
76.46645597171097
64.56554564496922
65.81478832366646
66.85916050087924
71.5733928739461
75.75862760897503
63.76743651057487
65.82672376414276
66.47742882152104
71.87094073995225
64.51605509343489
65.9715204431443
65.03659315101096
71.68080622302732
76.63563137217889
64.39738046488205
65.6943445082142
67.84988326510032
71.62858160381634
64.9093539355191
65.65478234291525
68.21152900931648
71.72392410912276
64.65215906365893
65.56331373678161
67.84972625785646
71.57633753863693
65.12588510288508
67.84988326510032
71.62858160381634
76.96228381580353
64.06845187504065
64.98505425712473
67.90197032303588
71.46264847765308
77.76103613160099
63.98184865219638
64.67005314523607
71.36643076143577
77.39440883065843
64.11006335789666
68.26506280624517
71.46264847765308
77.39440883065843
64.24274636658636
63.72627881215246
71.2972701169655
75.86697633875563
64.62349269018553
63.68505573747941
67.90372589305939
71.68929954452058
64.34646110611398
63.094601114833196
71.51487309686406
77.19843602412791
63.928949219837186
63.280746929090114
69.19233523637175
71.3494947361765
74.7250403213651
63.06466881767353
64.55154321061754
71.04262580690248
77.25064112149592
63.48093421982267
62.88014253699
71.03560074412107
76.7788947302027
63.64373777645564
63.35699165877085
68.52406145434173
71.09481130673935
62.71683691486678
68.05653549500788
71.14003046070007
77.06671353238251
61.78660431802588
70.18030460017508
70.59577171393704
77.04633138426145
59.80474213370475
69.71829936590944
70.74573278791586
77.23364066816703
63.43425794630611
62.758913359865616
66.39082927056457
68.82947535873615
63.47939329957787
63.293034321265026
66.1688540576728
69.08356483379822
63.72595393719396
63.4571904151944
66.00269461525109
69.09849571882874
75.27382025717166
63.384062947912426
63.077274418607615
66.41097429968363
74.98557447992518
63.462696640602864
62.91862420276252
66.35868453542854
75.18755425728257
63.40260173250278
63.37408805603669
66.15969853446217
75.23984402153766
63.41038745408049
66.30637534890616
69.93661258073645
75.05099218002802
63.43425794630611
64.69742771327752
66.21158691768835
75.18755425728257
63.64637960828933
65.72105049479218
70.36142315149611
74.98557447992518
63.35620609886795
65.88902063323916
71.3619620359279
75.07147513447427
63.53627665593274
65.81444242963099
70.47005711372293
75.01918537021918
63.93264363951018
68.68704856169971
65.98224095560467
75.03784474567345
63.43425794630611
66.02300386453807
70.53457936067454
75.45651929785427
72.29600372202499
62.749647749844726
64.40746895705794
65.26109366232983
75.20234013811842
72.28917707929632
63.125395325620524
64.17455064630865
65.12913768129651
75.10850062057541
63.22881982736373
68.3627263440292
65.31221219715076
74.31722480727086
71.59058929079909
63.30754873713808
65.49674838340941
69.23690590738384
75.05486203477457
71.93037155079644
68.66600634524129
65.52625362585935
65.36723115477075
71.61053604144175
75.02712423321309
62.78706780238655
64.50551210625382
65.07512326790474
71.10419844771572
75.68963464108299
71.85801462580923
62.839338068134836
64.59002719619953
75.56509163734079
62.89081740291308
64.64507413927517
70.41522260573568
74.89849889420805
72.38754804210186
62.96796607196993
64.36104006050388
70.36565099826478
74.8108927665366
71.80574436006094
62.9940994533032
68.60141054041273
64.46812869183151
71.73459897504583
75.0734513734624
71.92784107928395
62.80320646535723
64.54434113303667
74.67290445239865
62.83947711243057
65.34368247408386
64.32705485191269
74.80955113352243
71.70114540928347
60.70365317240472
65.06167489038981
63.69472506379955
71.93452814913537
74.96885242268493
71.50420971382533
60.28356139674235
64.75715041961327
63.62397744960004
71.28096218360946
74.76022035867052
71.88391045005672
59.05999039685487
67.68462486765016
63.05625230268685
74.80955113352243
71.91224196885183
58.70529215646628
63.2749787501128
70.36565099826478
74.36951457152595
71.85682981879529
64.7675898361274
62.481292395564125
74.66843708194271
71.98619288963275
63.69764509036248
62.56002703745966
71.83464766971765
74.41701694350866
71.62811750220042
64.94034036159816
62.31348906025109
75.03784474567345
64.45620922472966
61.93176911915751
71.24223058505845
74.59370031256154
63.51076345662831
60.863536057760776
71.25736308515043
74.70495218274496
65.12067671227604
60.32786689681958
70.95542177026549
75.07932933058109
64.80198774328089
60.27068397828287
72.58501988243404
74.68362496485902
