75.84541903681884
75.0670244402304
78.3702350963475
76.12594178459649
75.40103386725264
78.56163634557062
76.87695202767433
75.4991292207186
86.56940286205136
79.0993843110543
77.10973808923534
76.21796236258737
83.27804406569727
79.4853105085263
77.3448170197278
75.97984151600872
85.79238274535697
79.53720895100419
77.57553865092969
76.15449786594684
85.86934413597974
80.03398845329627
77.93681945670417
75.8183360841442
85.48045236261636
80.12032562086621
78.21204470023783
76.53413822075518
85.11759267973898
80.20809736853838
78.48932231207985
75.48819125008609
80.40223088578526
78.76763646738885
76.45304770023833
84.77420609403065
80.57347573594762
78.6967359352267
76.60946815133491
84.95079443064996
80.56099656355144
78.89728409619153
76.50901186453784
84.76162986766631
80.39394530241808
78.57570767901979
75.47077664939044
80.01032821205035
78.77101018107
76.49901545220479
84.58972537246761
80.48377462649071
79.07668484385238
76.72771361207612
80.68214415203173
79.19801986746688
76.97271972166457
80.92014687919087
78.72790509751431
76.23072996182029
80.83024184045898
79.38592821728601
76.35001126868858
80.85235418435778
79.27512751325652
76.93942663787155
84.49510720003536
80.93641669974043
78.95913957036558
77.1657682915888
84.61880244681363
81.08456417674341
79.08036956154096
76.3540585676347
79.7619352406084
79.08979219572517
76.39755818767775
79.2471977873984
76.99704768433651
81.1271343813277
79.02479821598367
76.71914695048055
84.45840336872793
79.66188282610405
78.49044503773413
76.60946815133491
80.95734490503077
78.47106640179094
76.68219492860578
79.70604272408374
78.50593299373077
76.54352046075448
80.81110719108543
78.29996693457771
76.76582275770478
80.92162046026952
78.67688482648221
76.30658026015024
84.4948438187576
81.0040759228031
78.90510049864373
76.7215204075164
81.20169222189392
78.69068218863613
76.75664317606677
80.86378147879304
78.30750684498466
77.03517044064513
83.94488399930148
81.35842437713973
77.62857876375581
76.66549288568842
83.93204245090597
81.22187685090205
78.84907297681576
76.57320539649838
82.07861745018974
78.41802011416875
76.96750295217038
84.16165393775856
79.76152903518111
78.48835616957223
76.71111259082605
84.11838960062468
80.99593791135862
78.39728471971918
76.91147821781686
81.07750091344515
78.52316272830726
76.61952513372195
84.1276641310159
81.21879087156957
78.68999095416468
76.7529357522749
84.15925307541761
81.27182309376032
78.68545947166109
76.54039687078287
84.27504948932281
81.2443291393026
78.68999095416468
76.79830456345243
80.97022531894358
77.6408666370504
76.43831581698971
84.55721315651489
81.07750091344515
77.93775791639506
76.32475126609192
81.2469349909574
77.93775791639506
78.64863578468135
75.78852095443415
84.26174197554036
80.96698764426104
78.14766410298196
84.1894712789348
81.10286661327568
78.68545947166109
84.14840024378488
81.04684187892217
78.03884948573914
83.81175314578734
81.10286661327568
78.32695219554363
84.00803570329477
81.15308721977624
78.16684684951552
81.12806147859185
78.55773156492324
81.3454842205051
78.2557894842142
83.97858137164478
81.51231244636254
78.225344598895
81.18319031715563
78.92717094234641
81.40151174233307
77.40069249444053
83.50660416689557
81.78679151751341
78.67247378474283
81.67473926133192
78.36199537981526
81.81813941994919
78.07000115247585
82.80401653211915
81.9283643562695
78.37999233860401
88.43217850038246
84.61810366609211
82.04935597401126
78.50593299373077
85.01035428601193
82.29573824028044
78.59504730839089
88.075951636448
85.20056505613778
82.48777150279678
77.76820473562142
88.02292989234753
84.50050702036023
82.64493553635096
77.5918730460519
88.74731868353244
85.1188205246359
82.947111751951
77.66472751575002
88.70951999542402
85.56240539133043
83.3057286351743
79.34502770857036
88.95048402613233
85.39557716547297
83.52283812754703
79.1781994827129
74.7650015083026
89.26642496846179
85.70397038474165
83.44286832352734
79.12746611229565
74.2401431705952
85.33414378612468
83.65171178870148
76.99850692164416
74.29016704405079
85.48365453148905
83.7871847897165
76.47640954542523
73.84439264150299
85.72407698818112
79.821334842529
79.19242728572239
73.86607187958283
76.13378644932955
72.88377274411393
75.79546926245817
73.21421658816836
76.0325120740727
73.0100171816438
83.34721789566065
83.82588064974061
82.48998187759459
79.73583545969794
83.07789084382418
79.821334842529
85.94683200788181
83.269045553146
80.17147705885833
79.30097928353796
75.51829546915019
83.010178185121
80.32926920517811
75.16884975697613
82.947111751951
80.304586188925
75.75599032037984
83.12069145430512
80.65663054047704
75.51829546915019
84.86996080074775
83.29555286795015
80.84664004755001
75.86230827774676
82.81493166016082
80.81621893090106
76.00119954435591
85.4001837193607
82.82353216239575
79.45753377171496
76.26709862038098
85.0510070705461
82.47498114049041
81.22716646517033
75.90598253164227
81.44979982351525
76.30846189749698
85.09518764661009
82.32336619699905
81.11783311187087
76.58724090502909
85.08326013734242
82.69257817762404
81.28319398699828
76.54574328100173
85.27811358377123
82.28028818990477
81.25866558034143
76.89581781117319
85.03916012478211
82.00605812076951
81.22716646517033
76.72573023463158
85.2667672241814
82.0395080484
81.47370294249274
77.09216514751273
81.5297331448462
77.14819534986619
85.50763488965441
82.09553825075346
81.50583002586872
76.55999241673591
84.74664014308473
82.20250002365667
81.22716646517033
77.11559017562145
81.17114173081681
77.21595137882845
82.37784998733113
81.44142004405184
76.88029483151972
82.39909170951117
81.44142004405184
77.15491181693754
86.02313673507823
82.45511923133914
81.49744756587981
77.5625529637104
81.49744756587981
77.40563732738873
80.73629094033082
77.34960980556077
81.27861418198806
77.2411990309147
81.58506662079093
77.11559017562145
81.22716646517033
77.34960980556077
81.66437039012497
77.5625529637104
82.8087966379366
79.99733443267965
77.28878681737433
81.47370294249274
77.3669529073701
82.55454339379106
79.8178449001921
77.27580645462407
80.24053053468272
77.10164790079915
80.50698105903179
77.38803203063829
84.99095841474617
82.9511340138094
79.8134809205739
77.31689400675218
85.22059655210033
83.02652148743076
79.45163890651939
77.44405955246624
82.89510927945588
80.22722905533426
77.17673456119284
81.62315850686088
79.55749201914388
77.0639946009537
85.08497634167935
82.47766107771854
81.19550763226992
76.9265362409953
84.75511821900757
82.75276911610862
79.61870332593517
76.77440283754594
79.77859094168859
76.73091128713703
82.77280671168693
81.27573736375489
84.35777564444817
82.97049396560278
80.11572274808591
76.9030030544368
82.57525720293651
81.22716646517033
84.9539288091865
82.97049396560278
81.03682001134862
76.80132332711378
84.81114574083554
82.84873408068385
80.92827118708254
76.65016604097603
85.07841511875066
82.86482684029005
80.95869777173144
76.72542731650968
84.94141365234314
82.75276911610862
81.0116679390231
76.42038202359726
84.96635739456923
82.97049396560278
81.0116679390231
76.22767329029217
85.00995633101445
82.65185623742104
81.07489885275592
76.59642439261084
84.7682314342736
82.7927065588559
81.03682001134862
76.26957197042759
84.89938269679315
82.7182605992936
81.17262035277699
76.17312717789886
84.70057210661423
82.7182605992936
80.32420055473033
76.02321281510827
84.81114574083554
82.63128472476447
80.85094725528643
76.11787789963755
84.81114574083554
82.63128472476447
81.23397304641189
75.89913480179717
84.46983336862958
82.7078864397745
81.33922418935174
75.95516500415063
84.51002355519584
83.17564391771681
81.20364823720605
75.65127660055275
84.35777564444817
82.61625938778131
81.41767542066478
75.88622935998792
89.10716394487353
84.57019582881593
82.61625938778131
81.22716646517033
75.5040351865436
89.28623564603363
85.00995633101445
82.28028818990477
81.47370294249274
75.56006270837158
88.54269176956657
88.9624335609019
85.57152850761598
81.63738547097272
81.25153236662344
75.88622935998792
88.54269176956657
88.9624335609019
86.16499410922921
81.83285496180964
81.41767542066478
75.35801567637762
88.654749493748
89.07449128508333
85.1030161389276
82.1405392107483
81.38779508793631
75.47007340055904
87.88666189548485
88.96090171106367
85.975978634507
81.63738547097272
81.41767542066478
75.59182333731793
80.52282295655625
76.11190188583797
79.73583545969794
78.46723319983558
79.0108862665759
76.38300015726368
78.76676689402908
77.19528658701546
89.52829371122304
86.20744101378637
84.86518233109572
85.17572552060162
77.849452525923
76.82069445810599
78.52438656129178
80.35765579896113
77.08138374415527
75.32490376332872
79.51091082883393
77.53491512614683
75.28972294430693
79.944542041393
77.19463835671824
76.14302534325682
79.77833973937348
77.40360786509457
75.38093128515668
79.75214858675263
77.46012230653693
75.37013834623968
79.944542041393
77.57630082522604
76.14302534325682
86.35120359283641
79.69612385239913
77.29155560891309
75.95785932606157
86.35120359283641
82.62069589348654
77.48312618346357
76.04424566017002
82.88317796586824
80.3039592851328
77.89779913401745
76.50380536259067
86.32535796284418
80.46971352314254
80.94285708108912
86.13999684627517
80.46971352314254
80.77460290511758
76.44903486091465
86.26141343227071
80.60601662472386
80.46861693723856
77.28878681737433
86.12291187129796
80.82808848872547
78.12008471609337
76.55999241673591
80.43956188931956
80.52491614420498
77.60870278139652
85.6580278226081
80.772058286372
78.02779526397207
76.74089305839404
85.45160468730094
80.93937881896211
80.24436845601485
77.91752184823763
85.406333401234
80.90936118233527
80.15944328863723
77.27197611318196
85.21073970235342
81.10286661327568
79.54093664700528
76.34849172700903
85.97892155810158
81.38487875595078
77.93526089679179
76.54579246164299
85.2667672241814
82.10955289546698
78.29387282262851
76.37359661565878
84.90590288836968
81.27182309376032
79.96277899418646
76.22599148391973
84.80703264294891
81.27182309376032
79.96277899418646
76.41137070293408
83.64916471445126
81.03336069574925
78.20246662081829
76.77440283754594
85.00313260101663
81.29654287489637
79.60093017925492
77.94944616174763
84.99095841474617
81.66096813892963
79.79652950701137
77.6654986464146
84.65353306235697
81.13352843527312
79.65695770108289
76.17685645013684
84.79418772321333
81.27182309376032
79.1781994827129
77.60187517367542
84.63992522992952
81.52234111375775
78.1713713426478
77.91380689139181
84.63992522992952
81.91180996521219
78.3304134933843
76.159157272548
84.78125429255124
82.22426066807681
78.00802699191196
77.98504488858843
84.71220669992009
81.950033386416
77.57795895167226
77.50601702503953
84.61242644773364
81.05549300099565
79.03862281050824
76.7431292239586
84.79418772321333
82.63655065579607
78.75352895669013
77.94792605722944
85.04698593657415
82.30190057241013
77.83296374665163
77.02353047399835
84.93493368039266
82.36416337372572
77.95200225755845
76.54248984676674
84.91909036713034
82.33631839225824
78.9989701272108
77.67409948357447
84.6377743258722
80.68937846758836
78.50957121523541
77.18567978312392
82.05075219209591
78.46639429837984
84.61102028954434
82.20250002365667
78.46209378202425
77.19180449229049
84.72307801372577
82.11811584495094
78.48467107502843
76.36883341275134
84.78125429255124
82.00605812076951
78.1393990411283
76.61336959232825
85.20884110803001
82.00605812076951
77.27580645462407
77.27342343315671
84.58389770810156
82.00605812076951
78.69513479545033
77.13613918559417
84.38663516829016
81.85578244338421
78.31368348220705
77.11128432664499
84.88028915845503
80.66542272735111
78.33036149111723
77.54900638876235
84.9226755681491
81.7997577090307
77.91574300779061
78.0330489968305
84.1894712789348
82.05075219209591
78.16684684951552
78.05121475723497
82.07287178439341
78.39714733567024
82.10677971392387
78.64809260344295
78.2228743713435
81.85578244338421
78.63465466680816
77.280466011843
82.10677971392387
78.68219317048728
78.05483533476101
84.62622335064388
82.10677971392387
78.4531748574982
77.5513687531301
82.0168470500399
78.73119103762131
77.86701175905795
84.99095841474617
82.05075219209591
78.82067375575554
78.03629398165741
82.05075219209591
78.78721577197483
77.27342343315671
82.05075219209591
78.78721577197483
77.59513114378821
82.07287178439341
78.98259528868027
77.71968054335949
84.86306016477688
81.74041856762257
78.90993273102775
76.2511311556362
82.49019296280153
78.57014091430581
77.29786710696126
81.6843910457946
78.94955750683624
77.38446886027515
81.87855447715401
78.91629274913603
81.76368332362043
78.34752054057711
78.05483533476101
85.53588792620671
81.26507129272102
78.82677395677074
76.19834387193772
84.95919898483895
81.67473926133192
78.99128321544259
77.49997953512371
85.02723261551446
81.56163436273678
78.88279869112424
77.19255173757598
85.46236092306196
82.00198099350033
78.93882621295221
86.1786121836471
81.56163436273678
78.84907297681576
76.63303472794202
85.5859317872112
85.6580278226081
81.78679151751341
78.637607192803
77.65115866561617
85.27220384638301
85.84840747971049
81.10286661327568
78.38248564867199
75.27204789316289
84.87750712095416
85.79773587572843
81.51429553061696
78.58157967097505
75.3754400746888
87.31619220868437
85.746483710102
86.04956311305472
81.59407205010008
78.07793497752017
76.9299452910256
88.04011010284555
85.90326563165931
85.41701643462775
81.53804452827211
77.86149432640966
76.87391776919763
87.48178007930235
86.10604352275645
85.80709007045343
81.56163436273678
78.91629274913603
76.87391776919763
87.68116603499932
87.48178007930235
86.10604352275645
85.41701643462775
81.73076399568544
78.6510720427444
76.87391776919763
85.37117252254698
87.52989217954455
86.56058368638715
85.8537633975564
81.61766188456475
78.27586660715811
77.12918895852764
87.7339430091036
87.96212571543106
86.15341020578512
85.46236092306196
81.59407205010008
78.31181700604216
76.9299452910256
85.95967110093153
87.06305599866977
86.11464326445744
85.41701643462775
81.12806147859185
78.09487422009265
76.87391776919763
88.16630652385686
87.96212571543106
86.16207104458441
84.88848807609327
81.18408900041982
78.34752054057711
76.9709216762083
88.16466865925513
87.32568927133784
86.97374293386979
84.49920588799266
81.18408900041982
77.75841383706397
77.01161520163484
84.07958157668807
80.99122357229791
77.1716176974494
76.77262258760949
80.96085765171479
76.61336959232825
76.56058292197267
76.36435728924376
76.46255823252349
76.42038202359726
76.56058292197267
78.2228743713435
76.9709216762083
82.27058555423555
81.15361745658178
80.22169509243629
78.55773156492324
77.6268093378735
86.7651174254238
79.16118160881834
79.60093017925492
80.66875363784095
80.24972295153809
79.4300516963865
77.60621171112682
80.24972295153809
79.62609267649816
77.56749932126054
79.1209473022873
79.99233451069384
77.82422946997494
86.50490478225723
80.3565646810571
80.3565646810571
77.92902015423492
86.81499813753868
80.46861693723856
80.86028120425064
78.20321501930918
86.41896329965303
80.60601662472386
81.05638887746362
78.20321501930918
86.56092951661074
81.36970910327025
80.80425368242268
80.18271791251466
86.41140204125819
83.73832152121662
80.83355327296921
80.06795368144641
86.49110571950533
80.68647915103138
80.52491614420498
80.12669317816116
86.17318370531129
83.75921082079911
80.77752575114124
80.09950084038995
86.30691104347156
84.19751370639405
80.49734026881616
85.90215358924749
83.7461564613219
80.52491614420498
80.06719451761649
86.01420584542898
82.92698391634231
80.77954312760352
80.16385502681749
86.45981837054383
83.00224600803772
80.86267141552956
80.23527697615143
86.36293577782506
82.69660210878301
80.75061369134815
78.3044941030536
85.96710921325025
82.69660210878301
80.94804840097513
79.98180219840197
82.68667818413762
80.77752575114124
79.81265553515665
85.7692857842008
82.30983556597042
80.5809408785585
79.6760157254223
85.96710921325025
82.47023536235888
80.80425368242268
79.36648842919044
86.2688054633592
82.40071674983153
80.91631140660411
79.3821477165477
82.09484178975313
81.00036135563565
79.31532457527724
82.28865902565012
81.00036135563565
79.25315486258144
85.96710921325025
82.09484178975313
80.80425368242268
79.19801986746688
85.90750718711516
82.30983556597042
80.97429474797714
79.28514274081925
86.26050172725601
82.70229005578047
81.11241907981707
79.48432465595897
85.74998940385329
82.28865902565012
81.00036135563565
79.20107678362005
85.81569853753793
82.34468654747808
81.25267445657457
79.43637224567284
81.25267445657457
79.17697482411526
82.55917730223099
81.03032226980511
79.13639708336893
82.06063897971734
80.97022531894358
79.06492256793379
82.28865902565012
80.97429474797714
79.3250475596279
82.73274814966801
81.03032226980511
78.89206688205482
84.20628698390658
82.50314978040302
80.60832826181863
79.4335582492891
82.36586308779837
80.66435578364658
78.94374219573835
82.03881705539963
80.91827001362364
79.3867166754293
82.34468654747808
81.03032226980511
78.85012504970919
85.7684144582658
82.69660210878301
80.5809408785585
79.19511395990165
82.80359327147697
80.77752575114124
85.77883439865403
82.67672062784006
80.5809408785585
79.27008999236628
80.77752575114124
79.41652086470816
82.79556888828914
80.72150101678774
79.32431998949136
85.70364628135646
82.40592610239608
80.52491614420498
79.52458630267745
85.57152850761598
82.87095639451434
80.5809408785585
79.38034472384487
82.8901882838563
80.77752575114124
79.38034472384487
82.81493166016082
80.72150101678774
79.72431952463836
85.71326104984729
82.9905907900663
80.89202366662163
79.29192387199318
82.67672062784006
80.55336500316967
79.21315212686848
85.834861920482
83.10264304624778
80.9776479820975
79.60492689263899
85.51550377326247
82.9905907900663
80.69458895699464
79.35649055293439
82.87095639451434
80.52559869591124
79.38034472384487
85.6479401823882
83.31584374271837
80.8066412131761
79.26917964869645
85.834861920482
83.08380770014949
79.66812919097555
79.23633148118009
82.92698391634231
80.41233426426811
79.23633148118009
85.78831753895926
83.06532304073771
79.87855633645852
79.01401663287953
84.4954898544444
79.86016788829835
79.08036956154096
85.73229280460575
82.79556888828914
80.52491614420498
79.02434482718745
82.85159362264265
80.75061369134815
78.93411390087249
83.22359086195348
80.77752575114124
78.59983558126397
85.78831753895926
83.22359086195348
80.80425368242268
78.84907297681576
85.92876248502088
82.97175544396802
80.55230352746511
78.79304824246225
83.08380770014949
80.49647098439432
78.93882621295221
86.18939490345828
82.6567039365383
80.44044346256635
78.48835616957223
87.28364656239131
86.00222436495625
82.4619508367496
80.24554679972971
78.48835616957223
87.06849343112577
86.18939490345828
83.02778017832152
80.38454449375749
78.2557894842142
86.86417491983947
86.00222436495625
82.44114066361979
80.5809408785585
78.2557894842142
86.10132704437451
87.28364656239131
85.99353559122675
82.81247006842472
80.38454449375749
78.2557894842142
86.0547170892955
86.80815018548597
86.14139291530854
82.95279095750585
79.9656638684339
78.36199537981526
85.83393340988597
86.60536526450882
85.74171114137494
81.97245675221336
78.0688112859464
78.00249163868405
86.26815527023196
87.03712563433474
85.96456410158589
82.82353216239575
79.63476197441534
78.36929484667573
86.37906373819666
86.71741752069029
85.86311759228138
82.32336619699905
79.29834063039547
77.99128841861976
85.61322853761955
86.19605699257454
85.54597556642663
82.03881705539963
79.02434482718745
78.07495880752104
86.77350046351998
86.46012648983569
85.03916012478211
81.3454842205051
79.49881444409145
77.97176774214411
86.07102700793315
80.68285052190474
78.25511346770178
77.6132037673862
74.78962118304352
81.60834286829702
78.85853966518846
77.57630082522604
74.60076225680612
81.96811919097077
82.28865902565012
78.18569503045092
75.1230181540527
82.29573824028044
79.50392999523844
78.32097215567038
75.06699341969919
79.78178535409104
78.7932550296162
75.16825130469543
82.87223993616749
83.39455191071411
78.70426000340578
76.21088124143414
82.90929060895793
79.944542041393
79.91533862550133
76.44793469255447
83.04633500420756
79.88851730703949
79.50392999523844
75.25735302238895
83.22172028060726
80.24595520550518
79.47346267957035
75.25735302238895
79.75214858675263
75.35801567637762
83.20122028583049
83.65226072894981
79.47346267957035
79.47346267957035
75.59523265209904
83.69966791426306
79.63624950518918
79.50392999523844
76.55734485797474
80.21783425116948
79.44278970973794
74.74008631438272
84.26322823932135
80.49558662367308
79.64869095448061
75.54807497765007
84.45796547201557
80.63777624893905
79.1075672648063
76.25390459011362
85.71580261640143
84.33266509698058
80.44285173398558
78.80918430883303
76.04519173801137
85.01522371919246
81.00036135563565
79.52948741392385
75.5040351865436
85.38619529920165
85.01522371919246
81.58973430139267
78.76028473775929
76.61336959232825
84.90471045000835
83.89018282011573
78.38801951230799
75.68918195903618
84.94710786666312
82.69674438175512
77.97187694420883
84.96635739456923
84.99095841474617
82.75276911610862
77.8000257054043
75.12858927343329
83.49246334473378
84.79418772321333
82.55454339379106
77.93681945670417
74.61791854915714
83.82479393997423
84.54148080617551
82.875614762669
77.53260439181473
75.47694458071139
77.58167227418768
75.4117056756637
84.41510006705485
82.7325923418473
77.73978835646113
75.40866946317026
84.06406322512274
82.41248896247363
77.86751238298208
75.63568782125813
85.24456177991502
84.0484381537307
80.77954312760352
77.7958158782891
75.57432299097816
80.86559572591602
77.48933508889148
75.3994386113764
84.1894712789348
80.52559869591124
77.4135024799554
76.53121338320113
82.80296069982859
83.92065300401072
80.89202366662163
77.51879485255138
80.69458895699464
77.69212497331782
75.34559727749766
80.72150101678774
77.48933508889148
75.73664119939669
83.68727929492597
80.83753513179103
77.71905547759144
75.3199803852287
83.7790500788404
80.97429474797714
77.72628943421351
75.87762800452421
82.69250800069847
83.81020030488058
80.55703817229191
77.54050246624611
75.70130635834366
83.89110780302182
81.23196650813628
77.90106924680846
76.34278768600173
82.96797292015684
83.88885926494798
80.89202366662163
77.73298678827354
75.86083015630575
83.58153596490313
80.5809408785585
78.1575147827899
76.12343608659158
85.18853425808706
83.58153596490313
80.77752575114124
77.9779569458104
76.32086195471875
85.18853425808706
83.7790500788404
80.8307993569077
78.36216948776128
76.36351071704244
83.99241063190274
80.63552906660811
78.16684684951552
76.16673067062291
85.39773430486856
83.96083590515848
80.60832826181863
78.36216948776128
76.47629191840691
85.72251929711808
81.00036135563565
78.52316272830726
77.7489235253112
80.88984808645152
78.60909770859759
76.56444660281639
88.43217850038246
85.71580261640143
83.07635345752728
80.88984808645152
78.83904423765213
76.76340450001352
86.54399049364154
85.72566563267964
83.29138057184849
80.88984808645152
78.67670250279073
76.72214233791856
86.70359446970146
86.09101756432828
83.45792136286056
81.44913357027956
79.03862281050824
76.81397078513174
86.60536526450882
86.18770605552348
83.36350149808491
81.14062220039308
78.92657055432676
86.35715213896506
85.9426255783833
82.9361022552357
81.13642172177329
79.16353142910583
89.49617981782946
86.40410175548217
85.99711411321391
82.97175544396802
81.14062220039308
79.02434482718745
76.70191852895026
87.3316666671683
86.19605699257454
86.20434751190795
82.97175544396802
80.5795043322546
79.24953763537631
77.2956875657453
86.34975618145582
86.19605699257454
85.78994587144244
82.77607389771343
80.77477462255419
79.05649733756836
76.46255823252349
87.04650039873735
85.83617890186375
85.85569176744252
82.85159362264265
81.05196264571214
78.76028473775929
76.36351071704244
85.79966703308901
82.79556888828914
80.80113988683145
78.83088766867586
76.06741135223807
85.59331342562591
82.40592610239608
80.43956188931956
78.6710681524594
75.76231134979069
85.45418777999161
82.4619508367496
80.3019799398587
78.37699689002389
75.42814678123462
79.85931389114782
78.28653402801599
74.64317567279828
79.66628748319201
77.90292636750486
74.25799514045643
84.09391170895427
77.70331920237241
80.15990328786953
78.27298530222906
80.10104845476786
81.04257395059211
80.02661779009125
78.77639913384526
79.62538580594715
81.58506662079093
82.85159362264265
79.60093017925492
78.94955750683624
84.08458179146818
82.61625938778131
81.75964291436544
77.57293380276599
81.4469378182804
79.11320381554728
82.42317254288794
80.88984808645152
78.86997996206183
83.62626926503513
81.26235134116774
81.11521874563435
78.78627509126727
83.44988432569056
81.31234279873077
81.11521874563435
77.17673456119284
81.60983629777628
80.72150101678774
78.73030748434194
83.23952813359664
81.33214719792353
80.83898431170682
81.41993731881199
80.83898431170682
77.94748330658484
84.325748940398
83.71497878375469
81.61364140987466
81.09397389574455
83.48886571950221
81.80977044270698
81.06785817421488
78.4561600849128
81.786527274705
80.69622957116842
83.41568221366347
81.31234279873077
80.61272890348744
83.48886571950221
81.76312382441662
79.33166522874991
83.68229399938865
81.73955843606352
80.66875363784095
76.95756554471153
83.47170694801699
81.76312382441662
80.46948689374139
83.41568221366347
81.70709909006311
81.237094840104
81.81915134624458
80.37463815955046
83.4328409851487
81.70709909006311
81.01183343986136
78.58999506754397
83.50590906004408
81.786527274705
80.52559869591124
83.64266666013239
81.7305025403515
80.27184944533374
78.40606904767075
83.44988432569056
81.7305025403515
80.24322006231876
78.35355712074326
83.35382297722231
81.414159364103
80.60969771469796
83.18503959876602
81.67601400552088
80.95734490503077
82.52354137529542
81.05939486174402
80.66875363784095
83.40859347889833
81.00723572915778
80.63631511959882
76.8472351550902
83.42664444674784
81.92995205027407
80.4660730225297
77.19568881093701
83.35382297722231
81.65348193625266
80.60969771469796
77.54620733099554
83.12135056256567
81.35421243895335
80.35527231850023
76.9650852924541
83.10235973856106
81.56566246871391
80.49763999051653
77.06506480995881
83.0092983063842
81.26235134116774
80.44161525616302
76.95204638156835
82.66032500565728
81.11521874563435
80.49734026881616
76.96294533131574
83.0278792858853
81.11521874563435
80.32851975940397
77.4164644572737
83.08390402023882
81.56566246871391
80.32787417968726
77.98504488858843
82.7163497400108
81.39310604845159
80.18834093418688
76.71574824669331
82.33086974055742
81.41767542066478
80.38454449375749
77.42965123361829
83.0278792858853
81.53370956703915
80.27184944533374
77.73068201965975
82.85326587460442
81.36165068631128
80.32851975940397
77.13158423207287
82.85326587460442
80.94014441077736
80.32851975940397
77.88079472235066
84.63287330116837
82.7163497400108
81.44207736957827
80.55336500316967
77.6268093378735
84.85130578311531
82.735964864035
81.63738547097272
80.5809408785585
77.46822007759644
85.28660306065582
83.54908250098106
82.0922012779539
81.25308066790939
78.09109610272948
86.51593412788608
84.34656172040759
82.24124970544983
80.96698764426104
80.4978149926345
77.71371620079083
85.99587029986387
84.24912707715265
82.32135773839573
78.53784623900474
79.99460294038519
76.45796843047822
86.10779552943431
84.37544063908759
82.60583647082669
80.77283802795003
80.44285173398558
77.71371620079083
85.97892155810158
84.23822280905858
82.52354137529542
80.49558662367308
80.18834093418688
77.42965123361829
85.73011016367654
84.22782091304272
82.50789099727352
80.30163106460762
79.80031245397642
77.37362649926477
85.68577782303824
83.76943916412782
82.26200340535286
80.05499477627681
79.55151934986223
77.16146284399784
83.71347499982829
82.01477832733009
79.64474706666874
79.6898597548463
77.0267947700973
82.29573824028044
79.56425581457005
79.50392999523844
76.8242700971662
79.12848207620407
79.44944146040783
76.7292770201611
78.57946141471373
75.89333707910995
84.99095841474617
80.57691720435598
81.20263805851346
80.27385898552299
84.73816298885981
80.7982192653102
79.37351146013764
78.18182056644703
80.63199061620077
78.90622968940208
80.07782766500277
85.03283819175581
81.34781809713334
79.64474706666874
80.02186350070325
84.68367445402922
81.427531259088
80.65828635051179
78.12733203161643
84.88044514556206
80.70556088128524
82.03322187301355
77.63563532855811
83.43703840205909
80.3299115802807
77.88878916962808
84.9226755681491
83.95201096894125
78.87455228084718
77.62260711312534
84.67074102336711
81.55045486974552
78.5863561325299
78.64301568750602
84.7682314342736
83.2417652530409
78.6385085565927
78.37356343507591
78.80845942891222
79.37402417455853
80.02661779009125
77.50457634441013
85.23970588745044
83.30901296325432
78.51723282190751
77.72649358991016
82.75644533407122
80.1895220653762
78.89353277248273
79.99481857296527
77.34377717687374
83.20529178112388
80.24554679972971
77.77123760936855
83.32811525460703
79.99481857296527
77.60113998055434
82.8575202210267
83.03881434764024
79.85521116930377
77.69130193608022
79.40358772118654
77.43055529771573
83.14673175099988
82.72158536288282
79.5210720259597
77.17326629739435
85.16201792810223
82.95279095750585
79.63624950518918
78.11746741547009
83.76556501742233
83.00183696375856
78.07136786731691
78.78025789920883
78.81511321816497
78.10521641844839
84.42992917391818
83.03678093067379
78.34587388910028
77.7873236609089
84.80318064605257
83.12443450194475
78.7183168675774
77.73894093684102
84.11371431404298
83.06750552954365
79.22671559970995
