86.37426416906612
81.59214682333223
77.39468278565177
75.29762677944912
86.19941900248418
79.86896770945557
77.95031296361918
75.84998921055272
85.96069709473484
80.68671763436507
78.38352837945297
76.01811672452938
85.7498461354835
80.72145550325035
78.67387981568376
76.07320244719544
85.21621870541881
80.48977448442581
78.7041228057964
75.64153621448936
86.90808180288646
85.41782999010151
81.21443297448212
79.43624986701765
76.30786491926644
86.3148668193255
85.07399338845036
81.13224679478749
78.88685054623139
75.80836974237931
86.93636351761764
84.4972915986672
80.84580282608631
79.05768840723535
76.76187799688144
86.76267817086712
84.8260781081658
80.93423821648243
78.8736569848061
75.56971534740244
86.67389760413525
84.74582047949158
80.65007466840386
79.35877369371913
75.56769381987164
84.54228911977388
80.68269029552262
79.39703531500855
75.6219792987958
86.97675599681875
84.61460990885755
80.56986249804825
79.99870366319432
76.72382411814962
87.21280144058235
84.62945583467504
80.60124581959072
79.13639708336893
75.96535735611954
87.26883164293581
84.5034642273263
80.95246522748177
79.26923123370494
76.25675383930123
84.48671651700052
80.72199117957594
79.4248632500203
76.62805983884266
87.26322284120019
84.76462508968619
80.68976420270309
79.30717168408306
77.01417727983626
87.26883164293581
84.53655978975922
81.5011851753536
79.53688673995222
77.15414957209555
84.51447174193434
80.82465444274918
79.40127986757184
76.28338823626238
86.96351148029251
84.54653429007782
80.8553779754863
79.40127986757184
76.33531479401682
87.2799147131786
84.84067465945765
80.97076766401403
79.49240244802628
76.96538031830882
84.9115624465649
81.30830668762293
79.39718336034224
76.7346498254439
84.62720542223732
81.00756156725106
79.83859956087792
76.24198401209635
84.75047043918887
80.73679881934956
79.50571969045296
76.78478988722782
84.54716964959401
80.9555651623067
78.88305825848413
76.68409261474191
84.56300573156639
81.20343560269758
79.21231130962742
76.54857874996542
84.59431985092259
81.28875935646012
78.81686159991185
76.83451786588765
84.83952603766163
81.04397800783308
78.46412377631967
76.64947281260275
84.41091944945518
81.37217593341103
78.7153261356596
76.4662543993974
84.53788397934235
81.0854834935748
78.68949093981028
76.64578998781528
84.19089831177963
81.18664874532267
79.05276691756288
76.51047144418101
84.777265445837
81.3945077907684
78.987849831164
77.45888221149933
84.777265445837
81.5770579977025
79.40762063319686
77.68913152781803
87.46316396755465
84.1288400000252
80.93208469733523
79.35938029758941
77.0534135735944
84.48179154102961
81.1149591119429
79.23237727727229
77.03610656141898
87.35759031586757
83.96503432584498
81.45374822923128
79.5345789292711
78.10584841647574
84.38064558831553
81.46460149423399
79.38015084436971
76.91574580531706
88.20110686270398
84.5939786767106
81.22714624762389
79.55738375620682
77.33362327230947
84.32570349935017
81.40965940526864
79.32520875540435
76.90983144561719
86.090979282283
81.42450685449643
79.29925583721791
77.11057556307418
84.07252392253548
80.83749470181384
79.13265200064316
76.89597024688219
84.21877510295765
81.14427262170736
79.48122447680753
77.73728628810258
87.78935330264684
84.10293690724144
81.18689281315993
79.27967507513274
76.77314499903596
87.52679161600082
84.76762590982717
81.46376743200273
79.14949968161444
77.09335160813463
84.19089831177963
81.45110220677275
79.19242728572239
76.97337470635699
84.78149848721084
81.43565935434776
79.39444502975584
78.11486122597536
84.78149848721084
81.46261482359982
79.60498225722365
76.72694542860295
84.72661349367887
81.61578128326563
79.55009726369167
76.67206043507096
84.70166257196885
80.8934647445243
78.97503129334649
76.43256619090427
85.02517863742678
81.26870634248074
79.72721990181994
77.06257408345694
85.69843883624435
84.40266366960887
81.2415537849987
79.26391293735452
77.01417727983626
87.38472789294235
84.44288896935643
81.14383809131417
79.96462000709205
76.9327574363587
84.10330369695447
81.45051537753636
79.72474529935134
87.76651399850823
84.19089831177963
81.06010612515657
79.54741518149359
76.87672466045946
86.8962209333089
84.20736464365751
81.08780531541493
79.33433604697153
76.69269809608178
83.97925508657471
81.26870634248074
78.73378860057635
84.05252815997164
81.35169458763204
79.42518923437171
76.74873087198102
83.80363339844645
81.11530435423869
79.19242728572239
76.69269809608178
87.54018622126328
84.20736464365751
81.32242231905414
79.51310927022311
76.82780597087473
84.01360928300254
81.55556532502243
79.51310927022311
76.97337470635699
87.98909451781945
84.142666183654
81.46105797877225
79.839287920155
75.8362660451403
88.10076745242982
84.57338121303184
82.09657982518446
79.6335092911395
75.95316617760331
87.48545340436854
84.05921342329175
81.69783876511613
79.64665177364179
87.961142946598
84.00880022889073
81.98537408049815
79.55738375620682
76.11013405830042
87.99639320640117
84.43041235289282
81.98537408049815
79.34456441295328
76.88089789505972
88.03409192936793
84.67057825124306
82.20880375865752
79.31994571325376
76.61602519263515
87.99299064214878
84.41394602101492
82.42287637630604
79.30871279644609
76.88089789505972
87.76755285976277
84.41394602101492
82.62942553794507
79.34456441295328
76.47491408121806
87.92301888487704
84.76647330142427
81.5159429723042
78.82624637162738
76.36874971178283
88.10168604184423
84.51882612005632
82.06575112011083
78.97503129334649
76.26938960462344
87.93646052189597
84.3480026977701
82.37425945748345
78.78078788315133
76.65153527149072
87.88048769987046
84.51882612005632
82.89586832614845
78.76170866807642
76.36820318208395
87.93646052189597
84.77187705343421
83.01284455770488
78.39186216309538
88.15628963335507
85.20737987159819
83.0114753271902
78.3904929325807
76.06991158224304
88.15765886386976
85.01059178107104
83.01284455770488
78.00684291409027
88.60008852190923
85.01059178107104
83.42437760746901
77.79569392436997
76.2468802877351
89.15770455237073
85.57973654052267
83.77676707878433
78.209445514531
75.61519026970004
85.78893658730416
83.96415332389188
79.71717380361079
77.66875889450894
85.63185449203752
83.81920464707727
77.37429075909483
74.56384505398275
85.64278790674523
84.02616726200837
79.8051915564659
74.56384505398275
81.10423088217937
77.15904465314179
87.1805511553072
84.68803429045572
87.08067323662908
84.36934580797127
80.64835060558993
86.8655988501566
84.16140135187267
80.85361428100904
84.36934580797127
83.95357251427768
81.26473300823822
84.41008079638539
83.76672276518933
81.52655084694784
84.14541034488818
83.27344494824276
81.67660673856079
75.4030459421683
84.08944030217772
83.0279330650249
78.51608796984216
75.6551982429491
84.86863745836642
83.1340164918178
81.76232637126287
76.19650305374311
84.45070701490481
82.92438299654992
79.67262075477866
76.03359757680411
85.13444789464991
82.55767811845051
81.63724459468588
76.34540951110846
84.88246588436817
82.92306847368452
81.76232637126287
76.66578772161013
84.96677544251656
82.5679801985774
81.71874262925823
76.61187581486085
84.92467023426566
82.74629516839414
81.66270738682242
76.55584057242503
85.34432160621746
82.39459378145044
81.84327330832434
76.97769811323501
85.06525275290981
82.22001034271128
81.58121181878664
76.87762679992362
85.48662911815423
82.4327907197455
81.58121181878664
76.49980779652577
85.33192797034908
82.27604311861053
81.63724459468588
77.18911469329046
85.420258402045
82.37812974790671
81.52655084694784
77.07842094555245
85.79858348221136
82.5679801985774
81.92404409945213
76.91122744464715
85.56582480494923
82.11260881458797
81.91695170916084
77.3170840957855
85.4551310572112
82.44698437071247
81.60239591789481
77.1640466854756
85.6536411418969
82.21297149614472
81.60239591789481
76.91071934647003
85.93368616272174
82.48882349564475
81.66270738682242
77.40084979562704
85.51991162730154
82.0293292784546
81.44007077434841
77.13567734871575
86.04583640873085
82.40125120840355
81.75731510927828
77.7552776198005
85.87896790968787
82.41081133793644
81.76364089412826
77.3035957081559
85.89950714507688
82.41081133793644
81.81329060398245
77.3035957081559
85.98972140515755
82.28374381918584
81.51362289935774
77.24514993572629
86.07985373048687
82.65583842898079
82.24050196378309
78.28455159516436
86.29689788403176
82.00872258057417
81.63327018104019
77.5996510363652
85.8229924149837
82.54589662779439
81.32070583026373
77.29015604788901
85.88796109257848
82.64574353625348
82.01745425454779
77.89047461314351
85.83330012073971
81.92788852470981
82.16844309546524
77.58484151453283
85.96438159230303
82.48882349564475
82.09732178733249
77.77696548389146
85.84353165037271
82.14127214319056
84.04266950219521
77.62570582515556
85.83330012073971
82.35483584323225
81.98662803959448
77.79569392436997
85.78755882834719
82.25175013611558
81.70134228725277
77.48770271963552
85.67681550148502
82.14855090380564
81.81329060398245
77.68168131985973
85.87765338682247
82.79320809555152
81.96926795743086
77.47055737275741
85.78755882834719
82.70462338836626
81.85863416356656
77.27640560548147
85.86726865171599
82.79320809555152
81.34898996043718
77.38703939934575
85.7764725369177
82.9492095951903
81.6932798371217
77.7924348153294
85.72043729448188
82.67926765901363
81.68798843407406
77.27710100422058
85.60974354674384
82.76059621039178
81.75731510927828
77.1640466854756
82.89317435275449
81.66270738682242
77.48498450683286
85.7764725369177
82.73530290144946
82.17702196910642
77.41515468891362
85.25083245331828
83.05121112612369
81.81197608111705
77.47055737275741
84.88257080117225
82.89317435275449
81.66270738682242
77.10788634689581
85.14019865945399
82.96150994335262
81.52132186431051
77.77984081927922
85.20874910211288
82.82576261924595
81.57729468633603
77.33158465926131
84.98397462575451
83.0382600562655
81.60239591789481
76.91784214348867
85.08894233216432
82.89823915328795
81.26473300823822
76.73233521745415
84.65829562446282
82.89823915328795
81.31692241157063
77.31831793706931
85.02636826898696
83.49671134022286
81.43139957800176
76.85519220221131
85.18783475769624
83.44199308718899
81.40286940388806
77.01008976813017
84.91567452124893
83.81841795213268
81.32070583026373
76.83179958988858
85.02636826898696
83.9291116998707
81.2526546768241
76.89900178721771
84.78349326176237
83.4603205860132
81.40155488102266
76.6344024781657
84.88732860989904
83.58370501232163
81.05907674951038
76.94121977713226
84.88732860989904
83.79836775608143
80.85361428100904
76.68852563244778
84.88732860989904
83.99607329075829
80.82578290587612
76.89814145140049
84.87356706716756
83.79836775608143
80.85361428100904
76.73233521745415
85.23816130197666
83.90900154994571
81.16971054337466
76.71057230530167
85.1660680240333
83.88100006484459
81.1874221608274
76.56699069712714
84.98040198610308
84.11249528596693
81.3378161636446
76.77207023060838
84.79794850815816
83.49916517634178
81.34898996043718
76.42615876042234
84.2762223995929
83.62067832318749
81.08598810706054
76.19858055083151
84.83952603766163
83.75037158208518
81.6115981009217
76.52712568365986
84.2840610020436
83.85434057810694
81.50090435318366
76.16358162620753
84.56913271377313
83.4798155765889
81.55556532502243
76.21824259804633
84.56913271377313
83.69433880618593
81.32242231905414
76.01065868159077
89.51411138890913
84.66583581439845
83.80640682452099
81.87439438959792
75.75635126565712
84.41091944945518
83.36160484011798
81.84327330832434
75.44597933853186
84.06913694010287
83.46371002948149
81.73257956058632
75.58962227548328
84.28269177152892
82.58971333390002
81.52518161643317
76.20786263071363
88.654749493748
84.99796240376335
82.66808542613809
81.55556532502243
75.80341165174227
88.71078226964725
89.3955597766564
85.2814283499051
82.32366524388274
81.89256769799539
75.95325010877058
88.60008852190923
88.60008852190923
86.6622487564681
81.52809925598223
81.55201363908438
75.6535790062723
80.15055026071623
76.04838997118175
81.32070583026373
76.20923186122832
81.32070583026373
75.68415305860677
86.62698112992128
89.65114274556448
75.89853185573672
74.24145769346059
76.00236050175694
74.5101470570402
76.19858055083151
75.1516179461326
75.64559777018745
74.56612255174436
75.6917180236116
74.72470753443301
76.00236050175694
74.9345149811596
79.90212796938995
77.53890606031743
76.35375566222882
86.46785653239348
80.78476593827143
77.87327145404589
76.77785573994521
86.36545397397487
80.88146348822671
77.76251795857623
76.71188682816707
87.63832903977307
86.02724004294419
80.47388352196562
80.10925143530665
77.10562148310433
85.67067720229018
85.59766831987137
80.71242616572262
77.73972110234446
76.36045911389631
86.0033303912863
85.2896033531836
81.06142064802195
80.28395347332088
78.58499705776352
85.09360943289325
85.26472459681705
81.03351912623768
80.00815106532646
77.17736684800052
85.93708775584209
82.86840750184575
81.21404537064195
80.3785081515286
76.73390382080834
85.57434489915104
85.3879632127849
81.17217414349163
80.11890456079614
77.15825002341612
85.45223169143958
85.40035684865327
81.58957166122805
80.15116932791896
76.73273902452578
86.87179901417434
85.47491937388376
80.8230599595869
77.93030095627682
77.94162647095696
85.05199327164361
80.8230599595869
78.31156527258169
76.95797967516822
85.81502029618068
85.3194428498509
81.507134982672
80.1271607895333
76.55584057242503
85.99660171488289
84.96677544251656
80.96377625242998
80.15116932791896
76.55923659760958
83.29045377845567
81.44905229309178
77.62570582515556
77.29015604788901
85.91631336244023
84.99733229980484
81.4228426710542
79.8051915564659
78.060904793281
84.8967074353569
81.32473911837998
79.94843475907254
78.13151404942984
84.68549268981987
81.32473911837998
79.52811997379717
77.10221478098029
86.22279954783042
84.82653802527298
81.06010612515657
77.76120343571083
78.06150388592906
85.83541203184615
84.43291645298248
80.83749470181384
77.84248231221292
77.17821318315303
83.01748276537815
82.00191506684995
79.34905894983157
77.80554646001397
86.36310945847153
84.54485931771845
82.21297149614472
79.1377663138836
77.37592810883613
84.95696030970319
82.42420212511293
79.10244216329563
76.52055753529423
84.52972214868443
82.65761527634831
77.87563998443804
76.64350427876009
84.88257080117225
82.97910124958379
78.57857070384249
76.96941382719444
85.70432654844264
84.98397462575451
82.40125120840355
78.50546578443982
76.90331870332945
84.78601368761886
82.40125120840355
77.83581364130474
76.38214801843459
84.6740708228829
81.20412200275638
77.55432887141747
77.56159929429272
84.80004645234271
82.6356014206561
78.5798213992938
76.98562553926642
85.93708775584209
84.58960385139248
82.65761527634831
78.5798213992938
77.29015604788901
84.75633284156632
82.40324927644085
78.99159670618982
76.81023326893394
84.75633284156632
82.80233041082995
78.64951793326746
77.15825002341612
85.77150693407084
84.630774436786
82.08220399232755
78.21858866549522
77.00355996252699
85.4500576409666
84.51882612005632
82.39101154868696
77.44222798877114
76.84734588130392
84.2762223995929
82.36822930308742
78.37403728116414
76.88482304636071
84.79926303102356
82.26894699084887
78.27425885737516
76.77886513273525
84.75763539399436
82.236520286267
78.46787695610448
77.20308046217188
84.75763539399436
82.236520286267
78.04621482363969
75.80568913114404
84.81229636583315
82.50164534255126
78.59744057878419
76.3156622154218
85.78756899695469
82.40324927644085
78.53780922472355
77.41351201113736
84.72661349367887
82.40324927644085
78.70950859711925
77.41351201113736
85.25976644221038
84.54485931771845
82.236520286267
78.50546578443982
76.94079586838623
84.73004086559335
81.97025567559787
78.90657758695276
77.80144963572143
85.03995012045868
82.08220399232755
79.01852590368244
77.43360594716856
85.1773207712449
82.24105304013196
79.20013152236866
77.28482615733498
85.07841511875066
82.1289850217969
78.87952868785476
77.30144399280229
85.16526140058554
82.2039239539738
78.84545396217362
76.23215389213743
84.94135947777932
81.97025567559787
78.73285883188765
75.9182788209764
85.19617148147951
82.236520286267
78.96255040897829
77.15904465314179
85.70432654844264
85.420258402045
82.25989677599932
78.85430156661432
77.59654767015972
84.70439079802001
85.53095214978302
81.97641290954107
79.17754947961724
77.70724141789776
85.55003692099696
85.48794364101963
82.13029954466228
79.05085986160044
76.51454760870392
84.71986917121748
85.55428579928233
81.40502273633643
78.92837523783997
77.48832420020243
84.60917542347944
85.64278790674523
82.51433740239165
79.20925196551575
76.24057979517379
84.66515091818361
85.6987634014494
82.13029954466228
79.05085986160044
77.69495998459215
85.64278790674523
82.12172394213636
78.95849349618231
76.55173730368587
83.8181660480127
85.92843849984175
82.17638491397513
78.65929335976034
77.21625527696862
87.96168919103675
84.49113687369474
85.91843050352202
82.40637782870976
78.90896253845311
76.86844585409489
87.96168919103675
84.27283165058181
85.93837360976697
82.79873590831905
78.65929335976034
76.91338105129519
88.35704603125295
84.65924249396468
86.50700834734133
82.34449053424505
79.04044808221066
77.08148667156513
88.5441156998837
85.91168083089723
86.43860151102767
82.25016751093263
78.9025206741568
77.10307183111628
88.5441156998837
88.07255614580754
85.68171047377196
86.43083911749238
82.0183512279326
78.47304874103382
76.88482304636071
86.06040807156852
86.83089721586262
86.48681193951792
82.28310284176688
78.70616785217382
77.20308046217188
87.10659179477004
85.48662911815423
82.52426076250727
78.8354488549901
75.4776098397807
85.47491937388376
82.3145577478381
78.8354488549901
76.82317031500749
84.98070547670147
82.26483900109334
78.77136137809542
82.12172394213636
79.27967507513274
75.90353957029647
81.71326897818625
77.38835392221115
76.91469557416059
77.07842094555245
77.03011647400722
76.73233521745415
76.8027472574309
85.91989567210165
87.61632992542202
77.61943851173568
75.54184512703796
74.12979442184333
76.04838997118175
74.18548219875643
78.83467829178504
77.10562148310433
79.68339476205351
81.28300511877642
83.90722601631938
80.2037712452712
81.07626808327059
80.37600739006514
86.71822425117227
84.03191268818432
81.1040725851903
80.21287308743676
86.87742645028642
83.9928024211077
80.86386950986898
80.40757248926722
86.87742645028642
80.73267511451537
80.65168464801748
80.25330948237723
86.67669934438958
81.47507217300743
80.86386950986898
79.53589861378408
86.79453789715089
83.72306075458194
81.03181846227855
80.36400323011526
86.5647564796536
83.00790711720161
80.96432521853463
79.85928959414834
86.61352825871671
82.85445635009455
80.77894968145837
80.10092477070707
86.77193163768686
83.0279330650249
80.90777271904963
86.3992088961514
82.43607738170108
80.96374276176009
79.88206344665812
86.12897952459161
82.56752494312644
81.09413701457497
80.01232419945956
86.3992088961514
82.66672309324058
80.96374276176009
79.91525963685878
86.2320634211983
82.65761527634831
81.10423088217937
86.27779867934451
82.3145577478381
81.31614315751176
79.6251121717829
86.2320634211983
82.25989677599932
81.26148218567299
79.50108281085689
86.2409223893276
82.25989677599932
81.28887484492014
79.1377663138836
86.14701205818224
82.58029353840652
81.61237798548903
79.64659236152211
86.19374253533499
82.2039239539738
81.44571141572548
79.41002797592134
86.13777249262455
81.9384213160531
81.38974137301503
79.38913994612092
86.0267290587324
82.07432404995811
81.50168423775101
79.28300245278301
85.7092579419481
82.1610579285271
81.39956859265818
79.42931735081866
85.72043729448188
82.20880375865752
82.29994224941481
79.46466952408402
85.95136105968338
82.22713001974135
81.20550936364748
79.19113644979045
86.44712573280877
83.32941777026828
81.50168423775101
78.88488620522453
86.16716488548023
82.64518795375898
81.41909935098191
79.15496813855246
86.32706616894689
81.96238118522214
81.41615639124626
79.17105958804703
85.76701959295819
82.64518795375898
81.6587178497114
79.47992579175857
86.12897952459161
82.38010733899063
81.38974137301503
78.37884716467808
85.91283879715083
82.81185452352253
81.63879300372027
79.03252221651331
86.01706785327417
82.67946780786242
81.28887484492014
79.35397577634598
85.8229924149837
82.28310284176688
81.7146906717369
79.06519411771828
85.78755882834719
82.22713001974135
81.6587178497114
86.08270455343657
82.75713627048866
81.5310476677116
79.19374180858777
85.83330012073971
82.51433740239165
81.28887484492014
79.42388518153308
85.83330012073971
82.72269591526609
81.28887484492014
79.38906198109257
82.95047191765929
80.6503154175028
79.24322563486444
85.83330012073971
82.67946780786242
81.31606486749236
79.5704511999441
86.12897952459161
82.7775525196736
81.17693198018418
79.17105958804703
85.92585118174324
82.38158307502563
81.39121710905005
78.99115043318844
85.76701959295819
82.85445635009455
81.20550936364748
79.47992579175857
85.76701959295819
82.64518795375898
81.41909935098191
79.69746401184257
85.8126076798772
83.07935551997903
81.47507217300743
79.50108281085689
85.8229924149837
82.86840750184575
81.47507217300743
79.31862360308064
85.87765338682247
83.1543380235461
81.50292183210358
79.44372295293134
85.79858348221136
83.26640604188115
81.82956755868875
79.37598095568958
85.40846186535497
83.29045377845567
81.23388462868324
79.1377663138836
85.0968062373769
82.98773418697135
81.12194176394728
79.24203291161
85.58681508471972
83.27344494824276
81.23290202289463
79.15327914349022
85.51991162730154
83.19806445180198
81.33631799552883
79.24203291161
85.69744887858401
83.38407874210705
81.31614315751176
79.47854615337187
85.86376953168325
83.34868670005862
81.28887484492014
79.24459486537914
85.74174497982902
82.96741265524305
81.14953932093701
79.02582344914764
85.79771502253948
83.46450783986913
81.20550936364748
78.86585564674975
85.78755882834719
83.25403449451244
81.02029526124508
79.11767061898685
85.78755882834719
83.65710586496219
81.23290202289463
79.29800295432045
87.85933819287456
85.78755882834719
83.65710586496219
82.96150994335262
79.11767061898685
88.02794848919456
85.94334127736016
83.40853779715869
80.93615422575014
79.02582344914764
88.13989135393054
85.420258402045
83.50169670075692
81.10423088217937
77.03513200720147
88.654749493748
86.10049738056962
83.76773965882649
80.91853048170776
78.58368253489812
88.60008852190923
86.07397161028968
83.50169670075692
80.92112471454053
78.74361770054655
88.654749493748
86.33036652279985
83.80363339844645
80.97578568637931
78.65929335976034
87.63316295026492
88.60008852190923
86.07397161028968
82.67946780786242
80.89260279894424
78.56696796757805
88.60008852190923
86.07397161028968
83.27075557265246
80.46998616775325
78.74361770054655
86.65860213099485
88.82835735206265
86.49457433305318
81.60618356775464
80.2279779786167
77.80554646001397
87.63722489627301
88.82745153289979
86.49457433305318
82.21297149614472
79.83774101133451
78.78078788315133
86.62698112992128
88.77058005222489
86.01799878826415
82.57962859863059
79.5714890849873
78.37403728116414
86.29271552494703
82.00191506684995
78.96255040897829
78.14017942898009
78.73285883188765
77.65858864522498
87.81145531689391
81.80266412085611
79.23241791262103
77.88144736395262
74.6057848438997
82.54591618879313
78.87544703880008
78.25794451712942
74.86724964857142
82.42892042932223
79.43258782927148
78.40572870999202
75.23291442586181
87.02628886372119
82.78500211205966
82.74270570596559
78.96505854054152
75.2257098972705
87.00894825071464
82.74407493648026
79.31055161492408
78.65310058535074
74.87299194335944
87.00894825071464
82.72269591526609
79.75827396171755
80.35074434300294
74.76828942987878
87.18018816828078
83.27344494824276
79.87799778245018
79.01247013849512
74.86724964857142
88.42779518645997
83.40466219476278
79.74931983283365
80.19822026848995
75.1850520543668
86.82322451067132
83.40466219476278
79.54077438804663
79.95810346409412
74.51695570496288
86.83052170928353
83.80494792131184
79.92602778220346
79.57409444378463
75.80472617460765
86.82190998780595
85.48662911815423
80.37505014398953
79.15789095505698
75.64428324732206
86.77454621457936
85.4435920515443
80.52985634399114
79.69334433812948
74.87299194335944
86.5627578250893
84.80004645234271
80.50003114639058
77.9933902286886
74.87299194335944
86.49056513637272
84.09673084979322
80.6544978916039
79.2205239217457
74.4050073882332
86.554680033022
85.853687844565
80.28981135438504
79.06844296052064
75.33528559079383
86.71857339255384
85.17765503645391
80.35325432342032
78.76889489399046
74.66175488661017
86.38361428383045
85.6987634014494
80.49569448116665
79.15920547792238
75.28305462248935
86.60119893023702
85.06525275290981
80.76513168546819
78.98608083266437
75.23291442586181
86.05456277788454
85.80779670965772
80.62521326150649
78.87544703880008
75.83298313435422
85.94415589101779
85.47640819785295
80.72622309005196
78.52296401286229
75.01187374513076
85.75098935211257
85.32002528157948
81.20412200275638
78.74869971167601
75.17451334502985
86.21569592439032
85.0968062373769
81.20412200275638
78.57740085701859
74.71045539590928
85.87377752800296
84.98397462575451
81.74032851638341
78.200850409522
75.02965413674774
85.71459902270229
85.68782998674168
82.43410524261088
78.04936572339277
75.391261085498
85.97362596458656
85.50727131644945
83.10724390202294
78.19599217864301
75.50711640995615
86.37325572462254
85.25083245331828
82.83714157685522
78.13995940274377
76.24733096634726
87.97626123539244
86.23101847783016
85.10802604754286
82.91489588735534
77.94650738904275
74.98368569109746
85.86293221684855
84.98397462575451
83.21077676193582
77.88696549911819
75.44524905056488
86.10066892538852
84.75763539399436
82.99655015428492
77.63221633924755
76.49034039879413
87.53902969462952
85.6026507059726
84.94135947777932
82.27539474373951
78.00493197125547
75.43774913142073
85.5909988463965
84.73004086559335
82.70462338836626
77.65858864522498
75.80628499600961
86.21136267312653
85.3194428498509
82.01353794070143
77.73639957289359
75.34796631923975
85.89521253617357
84.58960385139248
82.80420213961732
77.87563998443804
75.70133741774478
84.51882612005632
81.84687137093788
77.83099267709267
75.1317580580153
85.82856447665154
84.50391168147951
82.06104200698647
77.70840383004688
75.3404498401926
85.48059195952975
84.5912556851021
80.60999808113168
77.5071624501364
75.6007613987928
85.92975302270713
84.17562436682822
81.01828707058976
78.07679579639598
75.40321447400449
85.92975302270713
84.5856976433886
80.83235328472813
77.640817009237
75.66144722469689
85.92975302270713
84.3722454903407
80.83235328472813
77.38835392221115
75.9182333127393
87.64524726803704
85.64697166842203
84.10293690724144
81.26148218567299
77.37429075909483
74.98590577707986
86.15532989722729
84.37093096747532
80.67662497815591
77.68036679699435
75.4018999511391
85.6586235279981
84.2840610020436
80.83492250348388
77.41589640091864
75.67061755696557
85.87377752800296
84.10293690724144
81.26148218567299
77.79569392436997
75.88257575769082
85.614211059274
84.26029717361101
80.56599118429162
77.5288686925073
74.98094589938128
85.37682843873178
84.03012724188244
80.56599118429162
77.44623177478829
75.56584577757019
84.10293690724144
80.86386950986898
77.87563998443804
75.79582245662247
84.19679381164599
80.7623783957555
77.73639957289359
76.25253582964235
85.67018388129952
84.11964887212406
81.28887484492014
77.87563998443804
76.30755072923156
85.54668066326214
83.7952831515834
80.96432521853463
77.72387077656876
76.40861467055826
85.32085839602132
83.95719407536689
80.69381653666181
78.06743326037873
76.1956078644956
85.81780470597744
83.8161278810415
80.80789668784345
77.73972110234446
75.68136468092548
85.420258402045
84.08610006390796
80.89260279894424
78.21828336267099
76.09488846676295
85.69120270745317
84.12511243480704
81.79630401108759
78.52385245080865
76.53074104252063
85.69120270745317
83.92807619777119
80.73716157823617
78.59875510164959
76.00789027283668
86.21136267312653
84.21363065497948
81.21492462991739
78.61615953217785
76.37169499132106
88.47787387972673
85.51830965671523
84.41091944945518
81.18696183100863
78.57857070384249
75.89680505538348
85.00867836415654
84.17562436682822
81.16020637688354
78.77194000909132
76.83457567600614
88.65606401661339
86.15664442009268
83.94570418856239
80.34578684908921
78.77194000909132
76.7448485846418
88.654749493748
86.38229976096508
84.14076103574673
81.37072583933113
78.52253792794325
76.26876437082147
88.60008852190923
86.554680033022
84.08610006390796
81.28887484492014
79.1377663138836
76.68887308993763
88.08758528578466
86.95926130683318
84.2762223995929
80.8934647445243
78.87076026748022
76.7578120602306
89.91876671255314
88.71078226964725
86.89247930519542
84.21363065497948
81.63879300372027
79.03742683724376
77.10221478098029
89.1541689121957
87.91531101490008
86.7817855574574
84.33219522161842
81.07626808327059
79.1377663138836
76.71143048228124
88.5441156998837
87.63473525068457
87.18557716182332
84.06367605009854
81.44571141572548
79.29308612780603
76.6329002679121
88.60008852190923
87.45888926632209
87.2361609903063
84.31626999563653
81.28887484492014
79.41742622605915
77.2467830209635
87.2361609903063
83.90722601631938
81.07626808327059
78.12409685501493
77.29015604788901
87.00894825071464
84.13623733994085
81.31606486749236
78.78883165391318
77.07427244437855
86.35434595601416
83.69493238103297
80.92112471454053
78.96255040897829
77.03011647400722
83.57514163373344
81.18664874532267
78.84349262575196
76.83326115314075
80.52985634399114
79.27649674377122
76.47476554781646
80.6544978916039
79.18622067789113
75.82660293566529
83.489670960878
85.23362785847942
80.94943756654982
79.38336827351783
79.42388518153308
85.20217184262258
83.0437042296818
78.90657758695276
79.15327914349022
84.99381894159568
82.83352256238406
79.11685822402451
79.22370225310722
85.4874842437111
84.50694700075161
82.73522095773207
79.2371160850956
79.09730910077977
84.56291704346208
82.53510974238918
78.87076026748022
79.58280565199661
84.61888986548759
82.44698437071247
80.94943756654982
79.27967507513274
84.44044622819658
82.44698437071247
79.83774101133451
78.89065111381056
84.53363102936696
82.68257430168724
80.86515189251502
78.9025206741568
83.97593719348015
82.52304881901391
79.6605235187577
78.95849349618231
83.90297548913824
82.27539474373951
79.78176818930899
79.0817934918581
85.54262526855618
84.22502470369986
80.22119975203634
80.07244253649944
78.97780396347945
84.65909936267671
84.08944030217772
82.19578009340512
79.90452417705932
78.73572071551948
85.49435523061527
83.91996437145464
80.5058825019193
80.17200515659118
78.82891338319901
84.61460990885755
83.5576374527383
80.59202172232402
80.681186083532
78.66843520220014
85.23317418527228
83.52004044134416
80.83662997691872
79.53818404348769
78.82891338319901
83.4640703986337
80.93615422575014
80.29728428070987
78.55649233746416
85.1776550364539
83.52004044134416
81.02029526124508
80.14074460932287
78.9025206741568
83.52004044134416
81.04825806015384
80.29158665274763
76.71047039372303
84.55092049234916
83.4640703986337
81.38974137301503
79.59414484208727
78.55649233746416
84.73466512893529
83.42379113848158
81.16020637688354
80.25269292605257
78.76214334687799
81.54716222843066
83.68989462030119
81.62838565164743
79.59414484208727
78.55649233746416
83.74416443567087
83.42787626006586
81.38793968814946
79.75329038794565
78.71850649633225
84.21168383786114
83.29519248547345
81.62986138768245
80.42099517373673
78.81136134007431
84.1811675103673
83.8226982598935
81.74483689758871
80.15750513711971
78.6863920629382
83.20319839503527
83.57514163373344
81.74352237472333
80.12398388379987
84.12926768641405
83.53912707878192
81.6628385685149
79.8869212338311
77.23744605400738
84.15927058998284
83.82989154749765
81.90620100199524
80.14136661764127
76.65450035101257
83.85518931645274
83.5576374527383
81.9028441929634
80.59202172232402
77.49154635915677
84.85881613617497
83.40466219476278
81.74483689758871
79.58278124611968
77.55223057997732
83.58106240508091
81.52095138135778
79.90141289043434
76.59853319422179
83.51840492906294
83.65477990045335
81.79090132822743
80.63483235519503
76.91611171998493
83.44569458800234
81.79090132822743
80.20443568306789
76.91611171998493
83.86399432874417
81.79090132822743
79.98958677767956
76.81656743893687
83.39125774384604
81.73646448407112
79.93514993352326
76.96794051425582
83.57601326336967
82.14127214319056
80.59202172232402
78.66843520220014
83.81781240694326
83.53828314693261
81.70980422479471
80.10925143530665
77.3357713809572
83.97593719348015
81.74032851638341
80.56185532394483
78.35343002858164
83.38539326497244
81.95881968766757
80.55681560643951
77.29465286865275
83.39074591919425
83.2174749055323
81.55089570377892
80.35804330301727
78.40266935721078
83.91054414456315
83.31000731653796
81.7146906717369
80.10152964241554
78.37435250271561
83.46450783986913
81.58064717339566
80.44486728970983
78.60125951158109
83.78706704252082
81.93358750477888
81.01828707058976
78.43032799741977
83.69299960458214
81.63288858085902
80.47548948041218
78.3962973532405
84.2690503079248
83.23674383532264
81.33631799552883
80.38889724699938
78.00474643690896
84.4448747163245
83.34868670005862
81.6628385685149
80.5314623024377
78.19679579347094
85.05323486440957
83.53912707878192
81.63661999542117
80.56185532394483
77.0017569088361
84.90870253545795
83.32941777026828
81.4482608602648
80.77637779002396
77.72289539875726
83.23674383532264
81.14953932093701
80.48007885758804
77.7569387487608
85.30272352229548
83.59510257348609
81.71881406321907
80.43448364623278
77.30275851566768
85.25976644221038
83.74897242660768
81.28887484492014
79.9521755706223
77.98043324575409
83.80494792131184
81.5310476677116
80.46520264015001
77.77887089346142
85.74999913781808
83.6370295618717
81.38974137301503
80.48007885758804
77.43668863050782
85.13480516285534
83.86399432874417
81.60274780700092
80.44991245920886
77.61095253402128
83.8858615902081
81.41909935098191
80.5360489002985
77.88376740534838
85.56971093639169
83.81265124999996
81.57691853814858
80.63483235519503
78.00474643690896
87.8655674876544
85.45759274483646
83.92459411473594
81.50168423775101
80.74677521993101
77.72289539875726
85.3456498801005
83.84700544642779
81.38974137301503
80.66443492528798
77.86849038101812
85.1907752055658
83.90297548913824
81.87191570268428
81.15010705728542
77.92446042372858
85.1907752055658
83.91996437145464
81.89677426384449
80.9351483867124
78.31837968069007
84.7596357903958
83.71074994316382
81.6843556943579
80.35325432342032
78.18042387743661
84.77426193696182
83.5016646307128
81.9214491045027
80.56599118429162
78.27897523966998
84.77426193696182
83.27344494824276
81.70980422479471
80.72040496799843
78.3962973532405
84.34846600810309
83.2927138780331
81.97025567559787
80.80789668784345
78.21972769725292
83.23674383532264
81.46840393396968
80.51002114158116
78.34032731053004
84.20138316691369
81.84100739493873
80.2279779786167
78.27570051927844
81.7850345729132
80.20303562669349
78.18042387743661
81.86571916180304
79.75827396171755
78.10069006907604
81.7350655202703
79.42882607131693
77.70840383004688
85.14019865945399
81.60132066145655
79.7979534373285
77.85920329988099
84.64569252925838
81.5453506187461
81.15581848247938
79.90452417705932
77.30892576135537
84.68731471429386
84.32329675459724
81.21178852518983
80.17200515659118
85.27266166542505
84.26732671188677
80.26893640827419
77.81527862059079
85.04593037127587
84.23605983303412
80.23880147826696
79.59414484208727
77.82779736263792
85.39813968796139
81.81104221763594
80.54409100473714
78.40058825868577
77.64941094545435
85.47535815298991
84.0077060073881
80.41791347925516
79.13265200064316
78.66042164601014
85.45257653211769
83.54629060799991
80.20844630741477
79.16773221039678
78.66042164601014
85.24844536107112
83.56470828047703
79.99920177666853
79.16773221039678
85.41636372051127
83.94570418856239
80.4067198377071
79.37047098133785
78.6863920629382
85.08894233216432
83.85125319429388
80.05517181937898
78.97503129334649
78.23926923111767
84.81759702445711
82.90553990064217
79.9363154233532
78.66884501841535
78.32397602132814
85.24844536107112
83.58298951629699
80.17786848964906
78.41707869832337
78.18329918840722
84.97853544529757
83.08453138348767
80.09262873982674
78.61440817425905
84.7631601803008
83.29733032058923
79.91343693546304
78.86462440647975
78.08885133154175
85.04740610731088
83.1799866497547
80.20992204344977
78.95638860317824
77.70532352564565
85.08894233216432
83.23448095643015
80.0238438223298
78.97503129334649
77.97938087612752
84.80373165651297
83.13896822764396
79.9363154233532
78.91906125063605
85.0627316301512
83.19493827035443
80.14074460932287
79.15327914349022
77.85501102802829
84.99350672991991
83.33256133976703
79.41486288667953
79.27711911635659
77.88227334431085
84.30164855806434
83.08453138348767
79.81806062885283
79.00726373212011
77.12377633899675
85.0627316301512
83.19493827035443
79.74921873444036
78.9025206741568
77.70840383004688
85.04947677263037
83.17494588505296
79.53818404348769
78.04471724705051
84.85970169922341
83.17494588505296
79.11685822402451
78.9025206741568
77.41129480860957
85.11870445217671
83.25091109237994
79.1377663138836
79.03100411537203
77.73156318174051
84.84573132828181
82.96150994335262
79.08179349185808
79.15327914349022
77.63298731560032
84.80373165651297
82.90553990064217
78.95491286714324
78.80988560403931
84.95079443064996
83.23774959264766
78.3990579460513
78.71697618369777
77.56365316021376
84.8122582950782
83.08639162359559
78.64199321767808
79.18616554684967
84.70366574768533
83.27407472774885
78.69821455718689
79.35405793321088
77.86849038101812
85.10544959465588
83.34628577064697
78.88488620522453
79.46600079794686
76.48624557634488
84.40443883012861
83.52535814375169
79.1016175618894
79.17449437264337
84.34846600810309
83.24997269248371
78.89827144327174
79.04478071954345
76.16335877107653
84.44126540195269
83.05547307233172
78.48932231207985
84.24498259715406
82.82405439929872
78.91539350811642
78.30830138669383
75.93078445226068
