63.57004219743377
64.70932408443697
63.011530762140346
63.496715930575235
64.19735542680581
63.79635536513225
64.25130306414482
62.963863735273236
61.42062174330998
62.929327404607825
63.893887219919016
65.03326273491683
63.55688285464423
60.11654881303614
63.7657841254458
65.4942817871556
63.55688285464423
61.3052101805016
66.01148684155079
63.18049740616287
64.77546891345386
63.187119664514455
64.28700945432404
63.862509468667575
65.07662755502864
63.586656411290754
64.25130306414482
64.1819186565313
65.40205656980636
65.30795651991356
63.886862521824376
64.763597559199
65.40205656980636
64.06025080440116
59.61478958738559
64.96531942371898
64.87225425312973
65.18528424895938
63.82911626227484
64.2847167665121
64.19531716666809
64.73966886976375
64.85828465282007
63.82911626227484
61.30376943379529
65.46431993014093
65.32724894878628
65.0907586088495
63.82911626227484
60.93990766136833
64.24147588580334
64.56746203926173
64.77677668891731
63.97248359210687
59.36799643512535
67.70692725133861
64.47140348472199
64.91396065373203
63.97248359210687
61.05387487532929
67.81424421735984
64.73961617029524
65.05118082450144
64.94131369259719
63.54207098658843
64.68389684223122
65.0907586088495
64.16890749833189
64.44765520675575
65.21859225485554
65.30908131190999
65.87998601598433
63.74495855325932
68.07693226049997
65.09938359441027
65.41773800584072
63.59194783563532
63.667998067325364
64.48298465552347
64.763597559199
65.12084578241655
63.35112920410429
60.8312509674376
63.98963814902574
65.08304461385866
65.40205656980636
64.26127564112345
67.74344756272201
65.44718996269077
65.30908131190999
65.16594280538489
63.886862521824376
66.85037893435124
65.44718996269077
65.07662755502864
63.29689753121966
63.669476944908396
64.35742869865143
66.45648749801035
65.72590544632881
64.02565190793455
62.78060410588724
64.14231830377204
65.35566323621019
65.77626091402105
64.16117869647869
64.06775565464484
65.37617264658805
66.53384092440989
65.32400401592952
63.93168813978296
63.70033354591077
65.35566323621019
66.04816512410942
65.63447261465492
64.26127564112345
64.0305523338132
64.73818066669656
66.13733885434605
65.54229377977576
63.527694991905186
63.669476944908396
64.57322020190564
66.60102750297854
65.30908131190999
64.12571985281126
63.8130617609845
64.48298465552347
66.28045425882738
65.21534732199878
64.22497228497222
63.8130617609845
63.90283268707011
66.69154036691431
65.06519626057285
64.44207116071243
64.5243962106868
65.03352363830808
66.45781445351467
64.83115528066298
64.77699622990436
63.90283268707011
62.55898831873683
66.13571136016087
64.59789470095087
64.10552917463497
63.50369185155092
64.90243951289057
66.22480473698367
65.30001371436649
66.30426092155444
63.75741223914079
64.81221313626925
66.36953470863544
65.06519626057285
63.39877724975205
64.01210613280112
62.243003941239714
66.51590484612485
65.06519626057285
63.86910945405258
62.91190904669409
65.04762437881033
66.33617986925118
65.49760129312008
64.16117869647869
65.04762437881033
64.86786265811297
66.10153848933169
65.77626091402105
63.35112920410429
63.9222877857353
63.049101759714674
66.10153848933169
66.01097854315434
63.24698042246112
63.669476944908396
64.86786265811297
66.39300432128817
65.82761120728246
63.35112920410429
63.9222877857353
65.08917316015179
66.10153848933169
65.44936025736826
63.35112920410429
64.06775565464484
63.43341429265768
66.33617986925118
65.35566323621019
65.64118801306688
63.44822794228824
65.93125834922161
65.68413666998298
65.59125310714668
65.54680774648139
63.958482208913814
64.90243951289057
65.95532902131062
65.39371073552455
63.50123333280052
63.75741223914079
63.90283268707011
65.72061139217733
66.190792846281
63.73520361733138
63.50369185155092
65.17868841829485
65.68413666998298
65.2611937760411
63.35112920410429
64.10577180608898
65.54374265103384
66.15719337990744
65.17650067299232
63.98041386647204
64.16142669666475
65.31117894428426
65.91967237977322
65.2611937760411
63.35112920410429
63.84822747743522
65.17868841829485
65.91967237977322
65.35566323621019
63.24698042246112
63.479493281869246
63.32310309208893
66.39183475982695
65.41131812678596
63.51008166217152
63.6473317425558
65.28030666415579
66.06663343373009
64.84638215886936
63.04311516841041
65.56829247242378
66.1816239358991
66.22910923872925
64.76057050818815
63.41135644445587
65.67701360384277
65.93775764143105
66.62720925854433
64.41620614519516
63.276176065268125
64.6794775341335
64.8453447932207
66.95065508078552
64.84638215886936
63.276176065268125
64.93997408380402
64.8453447932207
67.27242704480739
64.61233115891591
63.14709603258049
64.01413709948957
64.9179652610819
67.1309836284454
64.45901501581446
62.98746027783465
64.88431919322827
64.70013372261988
67.45261912288856
64.32341854464447
63.09144114200473
63.771851665348244
64.39206361505053
64.66979281277165
64.22497228497222
62.85997608138985
64.29573273886831
64.48298465552347
65.26339958083358
65.44936025736826
63.32374443882758
63.51145008746012
64.99072690047954
64.18937932200107
63.75930880663594
63.33612441735471
65.04638179105531
64.6696666130799
63.68409593705237
63.939823549055774
64.7254477033474
64.99513334361946
63.654613253087604
65.20144441521842
64.16062973034542
64.78928690571661
64.36541831813685
63.68132948833833
61.43789942115046
62.291818510609346
61.634131766078774
60.11604771870958
62.45830044335098
62.19131007467707
61.634131766078774
59.89212212617713
61.64158272941256
62.40731015701416
62.106427500461095
60.46729549956285
62.76449796787172
62.50718189078601
61.757242918609364
60.81832854534068
62.17759029056575
62.72329453451129
62.34395889390753
60.3491747995414
63.03798409853857
62.96118015055602
62.106427500461095
60.3491747995414
62.26290315625715
62.7615689354542
62.21732011125598
60.10386878818557
62.34753783867336
62.79797176743957
62.74747350764577
60.638988347569715
62.74213462886055
62.91747705570514
63.43835340902016
60.756397567478764
62.332947622662495
63.33457858867868
62.87749396414022
60.756397567478764
62.87749396414022
62.79797176743957
62.74747350764577
60.756397567478764
62.463029485078174
62.817288263518215
62.98604968781306
60.40845176681309
64.24700923814824
63.23658537358992
62.85591363389402
60.756397567478764
64.00458895005951
62.98260447194805
63.51623492362598
60.23486915664976
62.94015417736664
62.882319642966216
62.80019430582999
60.46729549956285
62.821774636076206
63.87444081937653
62.90773973212995
59.763407586587036
62.94015417736664
62.7615689354542
63.27666540694036
61.1703052591044
64.4091063965452
63.10481429316845
63.14474629705016
60.11604771870958
64.50072030898126
63.65033308612285
63.382634080956144
61.1703052591044
63.502798244823
63.48270856138503
63.571954251689995
59.80944612070531
63.146666786922026
63.58084420965016
62.85591363389402
59.562908143496735
65.2269352147884
63.53843295996746
63.25619002369659
60.812121966061184
64.06713890284456
63.42698923332102
61.99461340476766
59.396030943336335
63.44707891675898
63.55213453015183
61.634131766078774
60.58205360660601
65.2269352147884
63.76177681276929
63.38810913358679
60.21531251483201
65.75004685922238
63.8883982701528
63.041774086395485
60.93223872827113
64.27084628486762
63.98588454602297
61.63225093242301
58.89498739609875
65.08234128307666
63.48270856138503
61.69945279994978
60.756397567478764
63.92494254084305
64.01161991334098
61.92441600961511
64.70661907203699
63.97417665962755
63.71912906072041
61.98146805981855
65.71806397323127
63.44707891675898
63.525124881586144
61.40654535389719
60.341836713066016
63.55852264340541
63.859211469446926
61.879621649801386
59.35267261106893
63.44707891675898
63.62250208989752
61.413866874432344
60.46244352290349
64.48298465552347
62.533507936398394
62.01228709188307
60.71089228678397
64.68334254291008
63.48270856138503
62.176663113877815
60.636532094832354
64.75590744360552
63.55213453015183
61.89416766339679
60.8207950016247
63.47261091841693
63.55213453015183
63.08662226980356
61.180129638211326
64.66427570802205
63.65033308612285
62.248835938392716
65.51552257916737
63.56838519397561
64.29057535046203
62.36096060839756
65.51552257916737
64.59171666461206
64.47593699654503
62.063750662258826
62.60400783347337
63.35136792283658
64.09930946628756
62.00803133419481
63.163494915331604
63.62410452203962
64.15502879435158
61.58499776530472
61.60247626721788
64.31679213556947
64.19531716666809
62.1209437858138
60.93990766136833
64.24700923814824
64.47593699654503
62.19148226507243
65.46860679489852
64.24700923814824
64.60703639138951
61.70925407077973
61.23584896627534
64.02989598769156
64.2510364947321
62.54630817572484
64.95632437590926
63.09370342660259
64.28461889517284
61.83506094131211
63.50050043934947
63.56838519397561
64.22889956710881
61.529278437240706
61.91955347454605
64.37251146363349
63.930160147440546
61.46958620249636
62.22206787813536
64.09829484295648
64.06713890284456
61.64373347188577
61.42897519249118
63.8418457617773
63.90016615039925
61.70925407077973
64.8508467474936
63.8418457617773
64.12285823090858
61.46958620249636
63.61260396428298
64.06030827812353
64.12285823090858
61.46958620249636
64.08666380773005
63.88050835927899
64.19531716666809
61.175166601321905
65.51552257916737
64.31679213556947
64.19531716666809
61.291335454061425
62.7989385354468
63.66343548410847
63.7477677428005
61.42134186193241
64.2847167665121
61.84418892068786
63.61047236678968
61.18267876013069
65.76418237058056
62.39157550236509
63.844446822335236
61.537926483762604
65.00514719992273
61.95284561461861
63.1808660455259
61.180129638211326
64.90060504784525
62.332947622662495
63.457026904874056
61.71926119311498
63.75605287397479
62.27722829459848
63.62250208989752
61.180129638211326
62.64216463032913
61.96435079107302
63.844446822335236
62.976927238111465
64.2847167665121
61.32343392662107
64.03557098344207
62.02173041395733
65.4128874668345
61.36887945591831
63.00413021913487
61.60782771218944
63.68974253074722
61.64394416543093
62.41812495534344
62.733272677434414
64.28785607522202
64.39054644312976
61.56165216139224
60.82042229204419
61.11032658314182
66.09762994594107
62.30668122869701
61.48858624459465
61.44473744230346
64.07529301448169
62.19802453476626
61.37226602808439
61.58620860099081
64.07529301448169
62.298653463083426
61.48894677744537
61.597107550738194
65.32422324695806
63.102044300783895
62.32964840444952
61.02190456615037
62.194282891755
62.63359574544482
62.60943405331073
61.352540322614885
62.60157535850516
63.389965017980444
62.60943405331073
61.34422050957852
62.28843898757263
63.58236652064939
62.62935224230392
63.479493281869246
62.49118575506253
63.26744820151317
62.73397552386447
61.597107550738194
62.49118575506253
63.26744820151317
62.83776411137908
61.221620153894285
62.2476876475575
62.87367788276413
62.34392295753376
63.79257795559151
62.750571652481575
63.18706170706212
62.67832600202076
60.78602525636522
62.2476876475575
63.18706170706212
62.553784531467024
61.649972633073375
62.341945775157505
63.18706170706212
62.553784531467024
61.4006824411354
61.99163996502434
63.31335592344578
63.29689753121966
61.693727660690385
61.55035074642561
60.95843274673743
63.16487165284866
63.02592494563947
65.38559360518687
63.18706170706212
63.06080366614119
63.02592494563947
62.2476876475575
62.87367788276413
62.82698206627884
61.88570190472771
61.50786186043324
63.24271122890583
63.22052117469237
62.089609284501535
63.125580433878596
63.026420517395884
63.586656411290754
62.225011547756964
60.69218889013533
63.218427183774764
63.22052117469237
62.736456343915016
62.30333716940121
63.12278456311943
62.98746027783465
62.323979598125774
62.5078913451784
63.24271122890583
63.32374443882758
62.07347871637109
62.28843898757263
63.24271122890583
63.19458374798382
62.852523456625285
62.5078913451784
63.338422222828235
62.963863735273236
62.342875732026855
66.03721656913724
63.554778790177735
63.39839179727226
65.35566323621019
63.10338481264709
63.12278456311943
63.859297461746785
62.225011547756964
65.10063919552266
63.12278456311943
63.39839179727226
62.225011547756964
62.50625199093195
63.35136792283658
63.636351685835926
62.47084529933371
62.39759529700122
63.12278456311943
63.39839179727226
62.342875732026855
66.00719661982156
62.76606048321468
63.71144958767911
62.415131146472184
62.50625199093195
63.254930352593135
63.76716374054064
64.4729618487946
62.41199386333194
63.254930352593135
63.76716374054064
62.47084529933371
65.54989982096131
63.78612643371327
63.76716374054064
62.588866246155675
65.20929588945339
63.56838519397561
63.1755762603319
64.83986749514095
61.85584418121797
63.515383390620634
63.481787452366284
62.60993345485278
66.01522390935949
63.66343548410847
63.636351685835926
61.946042506183105
64.50184001388222
63.58236652064939
63.09144114200473
62.66793200552517
63.24082730494265
63.1462736586624
63.89170394135005
62.597181678860906
65.44124312703059
63.3639542244862
63.7908531391751
61.58620860099081
62.599842448993265
64.19128991008422
63.636351685835926
62.0795226619884
64.95952436158511
64.09829484295648
64.100392398538
62.3336682416877
64.97510645934172
63.459728500044875
64.22497228497222
62.342875732026855
64.15661688243995
63.44707891675898
63.867965500566676
62.70583837279164
61.88493595974561
64.08263321615348
63.62844104647661
62.82803110437828
62.152755195865524
63.40407897820116
63.70365928479223
62.15166007211496
62.69459360411873
64.51896652091531
63.39839179727226
64.9430994970579
61.94830606224391
64.15248591979503
63.47204547006147
64.7362988320708
62.49118575506253
61.633648221493985
64.47993110631708
62.624630322130585
62.08635513675055
62.05546400873863
63.471008609695346
62.624630322130585
63.03299253395957
62.34766434710247
63.542800654490364
62.122947431594135
61.423843744853755
62.45020233829671
64.31041746034002
62.64200199250973
61.532926035481815
62.672597595638464
64.27195143114558
62.64200199250973
63.37322710846614
64.49251380214254
64.76925791626016
61.85155471758815
61.79700912705465
64.5708717902372
64.46697792308086
61.28155766251672
65.1629925380393
65.41773800584072
64.62542359186213
61.85155471758815
64.41296061593573
64.80387503557262
64.81974895492391
60.71878191281169
62.899253668650964
65.14191942884757
64.97210025679865
63.24548261922785
63.914999644074
65.04813514697443
65.4154327581197
62.86897048991007
65.68417986218795
65.27904723875034
65.17149907490993
60.57278608683583
64.25097499770277
65.27904723875034
65.07222490809873
61.838855246902945
65.75726259047978
65.26339958083358
64.61862268173391
59.31899152542731
63.801507863276
65.4942817871556
65.10912525900162
62.381932153730084
65.17868841829485
65.40205656980636
64.90804906534964
61.986112685520645
63.70635719375582
65.26339958083358
64.66060122232942
61.608248087154884
63.5951909317723
65.37205627476432
65.26503106595214
60.70067823941475
64.86786265811297
65.72590544632881
65.45402499282135
60.592021545484016
65.98133330545743
65.5857655313074
65.45402499282135
62.10609490611913
65.67488943487366
65.63870807237662
64.11681233103359
62.03905522658985
65.31117894428426
65.99581290573373
64.5167668979314
60.46692178900947
65.75726259047978
65.99581290573373
64.5167668979314
61.21477723269034
66.60102750297854
66.45648749801035
64.81974895492391
61.705622154917094
65.30001371436649
65.6702559244851
64.70680854848241
60.91331250323744
64.6684322785929
65.34640704796264
64.80779404102421
61.795417230815566
65.13150248823864
65.81660083432273
64.61862268173391
60.46692178900947
64.24196643530084
65.81660083432273
64.37466699208031
60.34345139342443
66.15385001112774
65.90656721542877
64.23427203809833
58.72434270604984
62.69367587315531
65.5857655313074
64.27195143114558
60.340725878275066
64.4436665351019
65.83456214025955
64.38060812507634
60.826051736277876
64.99896260252332
65.12629785010522
64.86344356286793
60.84167477820893
65.39997550851449
65.67651624752803
64.9190400069975
60.84167477820893
65.39997550851449
66.22579602443686
65.25887991692302
60.84167477820893
65.39997550851449
65.76654226099947
65.25887991692302
61.09240864427624
64.6472507496748
65.90656721542877
64.9190400069975
60.592021545484016
63.016525006091356
66.33445271836759
65.36753661085375
61.077618719011895
65.06674572866501
66.42220151404108
64.88559436453318
60.95033147213968
64.35742869865143
65.13150248823864
64.87540810068121
61.575543464623124
64.01943514284848
64.46327777746966
66.35991044339816
61.71777625508639
61.38774509822329
62.71311794214547
65.40099216624125
60.93856437317459
58.10246862348486
60.49289399817235
63.459728500044875
65.85585177878396
60.82635880534621
56.62124351608788
61.38774509822329
63.74273795875176
65.31015428667556
63.06115180589465
63.801507863276
66.40059330980728
61.18883099671319
60.71603819058162
62.1247560999403
63.334315496136725
65.62086672568431
60.536372023640304
61.58836944198894
63.61047236678968
66.08434610261145
60.358638805632104
56.00328113438853
59.997277030265515
63.61047236678968
65.31015428667556
60.709671851409944
60.393078666123394
64.33500984117114
66.40059330980728
61.54487804878498
62.599842448993265
64.09829484295648
65.5558466566215
60.46729549956285
62.49118575506253
64.57322020190564
66.5434438243634
60.592021545484016
61.89625355845685
64.60989505492154
66.5434438243634
60.708476221529416
62.97734301211585
64.86231573923818
66.57405454506319
60.77313009554742
60.536372023640304
64.68253114485285
65.62086672568431
64.11270639863766
62.54454770318852
66.9614076602131
65.56522267677556
64.26337342132787
65.44313764078558
66.22579602443686
59.66423577102234
58.15537329867389
62.30333716940121
64.8785708757813
66.3688270335317
59.87286542893894
58.633954116249974
62.82583080562696
64.30044970261447
65.5857655313074
64.66060122232942
63.66343548410847
65.5558466566215
61.537926483762604
58.103729417862304
62.482875287704964
67.23707725296032
65.98097685631748
62.30455526645673
61.70344045590386
66.10257510424532
65.90656721542877
62.86827054418072
59.97596163708479
63.0276716833308
65.24513286047707
66.2459955482768
62.13576293700842
60.70067823941475
65.2675159526573
64.57524014830047
61.65952122922421
59.604261145844205
65.63860313257595
65.5558466566215
64.06713890284456
60.57692944800829
62.221447900558516
65.46431993014093
65.46431993014093
61.89416766339679
60.801728892159936
65.5517943347163
65.78517294145877
62.13576293700842
59.71291783977494
65.39900345450455
66.99097817285293
65.53798809258818
62.027106243077675
59.373146310352716
64.86231573923818
65.25450476483184
61.60387170738051
59.18992426355379
65.35566323621019
64.631012175833
60.82635880534621
60.71341072723478
62.222777619985436
65.35566323621019
66.17217488667981
60.00739102477883
65.57073647346034
64.73818066669656
65.08304461385866
61.89937464026408
60.71739504234714
63.77754876978539
64.82841634454286
65.08304461385866
61.89937464026408
59.86526416694227
64.96678382643945
64.82841634454286
64.85666272978825
61.773210458810645
60.470888999715605
60.89841316775473
65.04762437881033
65.94445289175411
61.89937464026408
60.83377445475212
61.20369702019781
65.39900345450455
66.48694944662846
62.252303914466815
58.6546366456334
61.81089678061532
66.62869325626691
65.53798809258818
64.37466699208031
58.78328222299196
65.38559360518687
67.1786068489685
65.25450476483184
62.06860980651974
60.41394533066019
62.82583080562696
64.9179652610819
65.7174313063258
62.01228709188307
60.71089228678397
63.80634295014326
65.13647616654634
65.17463451944336
60.475803085171464
58.633954116249974
63.288742709254656
66.62869325626691
65.94445289175411
64.71961324799574
60.71089228678397
61.30946250196575
64.82841634454286
65.40099216624125
62.12425932836346
59.749497284743605
65.24989061871712
64.89834659657568
65.73672253465362
62.36096060839756
59.966157205159945
65.03610832525496
64.77143422877148
65.59977069320252
62.472147979448835
65.14123392478638
64.70013372261988
65.31015428667556
62.49325801009845
63.0276716833308
64.6818768958364
65.19170130778939
62.5824089285325
65.52618588604409
64.78968990264494
65.31015428667556
62.47375223460177
65.27128070588883
64.70013372261988
65.85585177878396
62.58309748565101
65.17183545054294
64.42733513367975
65.16294273301182
63.005502284050934
64.25720619409644
65.66228909836967
64.85666272978825
63.06115180589465
63.60285752476619
64.46331699907161
64.51959062645678
62.87367788276413
65.54434482776163
66.21240899479504
64.27256353745935
62.710380095065844
63.84718863816136
63.971339645401024
64.55849924201918
62.5802440411468
63.75523955780578
65.60663957652596
64.61414329092793
62.380267332789096
64.79521814581065
65.08082664470263
64.7482255137289
62.635888090055545
63.02592494563947
65.4742969168015
64.51959062645678
62.1466726261393
64.28020091790724
65.31215847652757
65.21859225485554
63.03608960311943
